26.95836067199707
26.830732345581055
26.696760177612305
26.55694580078125
26.411739349365234
26.26156234741211
26.10679817199707
25.947799682617188
25.784889221191406
25.618366241455078
25.448511123657227
25.275577545166016
25.099809646606445
24.921422958374023
24.74062728881836
24.5576114654541
24.372554779052734
24.18562889099121
23.996986389160156
23.80677604675293
23.615129470825195
23.422176361083984
23.22804069519043
23.0328369140625
22.836669921875
22.639638900756836
22.441837310791016
22.24336051940918
22.044286727905273
21.844694137573242
21.644657135009766
21.444250106811523
21.243539810180664
21.042587280273438
20.841455459594727
20.640193939208984
20.438865661621094
20.237518310546875
20.03619956970215
19.834957122802734
19.633832931518555
19.432872772216797
19.23211097717285
19.03158950805664
18.831342697143555
18.63140296936035
18.431808471679688
18.232585906982422
18.033763885498047
17.83537483215332
17.6374454498291
17.440000534057617
17.243061065673828
17.046655654907227
16.850805282592773
16.65553092956543
16.460857391357422
16.266799926757812
16.073379516601562
15.880615234375
15.688522338867188
15.497119903564453
15.306422233581543
15.11644458770752
14.927205085754395
14.738715171813965
14.550990104675293
14.364039421081543
14.17788028717041
13.992523193359375
13.80798053741455
13.624262809753418
13.441380500793457
13.259344100952148
13.07816219329834
12.897847175598145
12.71840763092041
12.539852142333984
12.362189292907715
12.185428619384766
12.009574890136719
11.834637641906738
11.660624504089355
11.487545013427734
11.315401077270508
11.144201278686523
10.973952293395996
10.80466079711914
10.636330604553223
10.46896743774414
10.30257797241211
10.137166976928711
9.972738265991211
9.809295654296875
9.646845817565918
9.485391616821289
9.324936866760254
9.165485382080078
9.007040977478027
8.849608421325684
8.69318675994873
8.537781715393066
8.383395195007324
8.230030059814453
8.077689170837402
7.92637300491333
7.776084899902344
7.62682580947876
7.478598594665527
7.3314032554626465
7.18524169921875
7.040113925933838
6.896022319793701
6.752965450286865
6.6109466552734375
6.469964027404785
6.33001708984375
6.191107273101807
6.053234100341797
5.916396141052246
5.780594348907471
5.645827293395996
5.512094020843506
5.379393577575684
5.247725009918213
5.117086887359619
4.987476825714111
4.85921049118042
4.731663703918457
4.605130672454834
4.479608058929443
4.355092525482178
4.2315826416015625
4.109074592590332
3.98756742477417
3.8670589923858643
3.747546672821045
3.629028797149658
3.511502265930176
3.394965171813965
3.2794148921966553
3.164848566055298
3.0512630939483643
2.938655138015747
2.827021360397339
2.7163586616516113
2.6066627502441406
2.4979302883148193
2.3901562690734863
2.2833378314971924
2.1774702072143555
2.0725486278533936
1.968569040298462
1.8655260801315308
1.7634156942367554
1.6622321605682373
1.5619709491729736
1.4626269340515137
1.3641948699951172
1.2666702270507812
1.1700483560562134
1.0743255615234375
0.9794982075691223
a
-6.037139892578125
-6.381416320800781
-6.6986083984375
-6.990718841552734
-7.260322570800781
-7.50885009765625
-7.738208770751953
-7.949924468994141
-8.145523071289062
-8.326148986816406
-8.492755889892578
-8.646678924560547
-8.788394927978516
-8.919334411621094
-9.039783477783203
-9.15079116821289
-9.25283432006836
-9.346294403076172
-9.432125091552734
-9.510517120361328
-9.582328796386719
-9.647655487060547
-9.706783294677734
-9.760189056396484
-9.808349609375
-9.851551055908203
-9.890079498291016
-9.923839569091797
-9.953689575195312
-9.979629516601562
-10.001850128173828
-10.02035140991211
-10.035514831542969
-10.047626495361328
-10.056591033935547
-10.06307601928711
-10.066413879394531
-10.067367553710938
-10.065937042236328
-10.062122344970703
-10.056209564208984
-10.04800796508789
-10.038089752197266
-10.026073455810547
-10.012340545654297
-9.996986389160156
-9.979724884033203
-9.961128234863281
-9.94110107421875
-9.919452667236328
-9.896469116210938
-9.872245788574219
-9.846973419189453
-9.820270538330078
-9.792518615722656
-9.763717651367188
-9.73367691040039
-9.702873229980469
-9.6710205078125
-9.638214111328125
-9.604644775390625
-9.570121765136719
-9.534883499145508
-9.498882293701172
-9.46197509765625
-9.424495697021484
-9.386253356933594
-9.3475341796875
-9.30795669555664
-9.267854690551758
-9.227132797241211
-9.18588638305664
-9.144115447998047
-9.10181999206543
-9.05909538269043
-9.015750885009766
-8.971977233886719
-8.927774429321289
-8.883142471313477
-8.838033676147461
-8.792686462402344
-8.746862411499023
-8.70065689086914
-8.653974533081055
-8.607196807861328
-8.559989929199219
-8.512449264526367
-8.464574813842773
-8.416509628295898
-8.368158340454102
-8.319473266601562
-8.270549774169922
-8.221435546875
-8.172130584716797
-8.122491836547852
-8.072710037231445
-8.022737503051758
-7.972574234008789
-7.922220230102539
-7.8716278076171875
-7.821083068847656
-7.770252227783203
-7.719326019287109
-7.668256759643555
-7.617044448852539
-7.565808296203613
-7.514405250549316
-7.462954521179199
-7.411360740661621
-7.359766960144043
-7.308077812194824
-7.2563886642456055
-7.204580307006836
-7.152843475341797
-7.100939750671387
-7.049131393432617
-6.997346878051758
-6.945490837097168
-6.893658638000488
-6.841897964477539
-6.7900896072387695
-6.7383527755737305
-6.686663627624512
-6.635022163391113
-6.583428382873535
-6.5319061279296875
-6.480503082275391
-6.413459777832031
-6.377267837524414
-6.326603889465332
-6.276130676269531
-6.225752830505371
-6.175494194030762
-6.125402450561523
-6.0753583908081055
-6.025421619415283
-5.975615978240967
-5.925893783569336
-5.876326560974121
-5.826854705810547
-5.7775139808654785
-5.728316307067871
-5.67927360534668
-5.630397796630859
-5.58168888092041
-5.533134937286377
-5.484795570373535
-5.4366230964660645
-5.38870096206665
-5.340921878814697
-5.293381214141846
-5.246078968048096
-5.198979377746582
-5.152148246765137
-5.1055192947387695
-5.059176445007324
-5.013060569763184
-4.967200756072998
-4.921603202819824
-4.876232147216797
-4.831093788146973
-4.786139488220215
-4.741367816925049
