26.881183624267578
26.735212326049805
26.582075119018555
26.422325134277344
26.256471633911133
26.084972381591797
25.908248901367188
25.72669219970703
25.540658950805664
25.350475311279297
25.15644645690918
24.958852767944336
24.757963180541992
24.55400848388672
24.34721565246582
24.137800216674805
23.925949096679688
23.711849212646484
23.495668411254883
23.277563095092773
23.057687759399414
22.83617401123047
22.6131591796875
22.38876724243164
22.16310691833496
21.93629264831543
21.708425521850586
21.47960090637207
21.249914169311523
21.019447326660156
20.788288116455078
20.556509017944336
20.324182510375977
20.091379165649414
19.858165740966797
19.624605178833008
19.39076042175293
19.156681060791016
18.92242431640625
18.688045501708984
18.453588485717773
18.219104766845703
17.984636306762695
17.750226974487305
17.515918731689453
17.281749725341797
17.04775619506836
16.81397819519043
16.580448150634766
16.347198486328125
16.1142635345459
15.881675720214844
15.64946460723877
15.417656898498535
15.186281204223633
14.955366134643555
14.724934577941895
14.495014190673828
14.265629768371582
14.03680419921875
13.808560371398926
13.580921173095703
13.35390853881836
13.127542495727539
12.901846885681152
12.676837921142578
12.45253849029541
12.228968620300293
12.006142616271973
11.78408145904541
11.562803268432617
11.342328071594238
11.122668266296387
10.903844833374023
10.685871124267578
10.468764305114746
10.252542495727539
10.037221908569336
9.822815895080566
9.60934066772461
9.396811485290527
9.1852445602417
8.974652290344238
8.76504898071289
8.556448936462402
8.348868370056152
8.142318725585938
7.936813831329346
7.732367515563965
7.528992176055908
7.326702117919922
7.125508785247803
6.925425052642822
6.726463317871094
6.528635501861572
6.331953525543213
6.1364288330078125
5.94207239151001
5.748897552490234
5.556912899017334
5.3661298751831055
5.176558494567871
4.988209247589111
4.8017897605896
4.615973949432373
4.431402206420898
4.248079776763916
4.066009044647217
3.8851964473724365
3.7056491374969482
3.527373790740967
3.3503787517547607
3.174670457839966
3.0002572536468506
2.827145576477051
2.6553432941436768
2.4848554134368896
2.315688371658325
2.147847890853882
1.9813376665115356
1.8161615133285522
1.652321457862854
1.4898179769515991
1.3286495208740234
1.1688146591186523
1.0103185176849365
a
-6.909751892089844
-7.298564910888672
-7.6568603515625
-7.987499237060547
-8.292675018310547
-8.574962615966797
-8.836174011230469
-9.077835083007812
-9.30166244506836
-9.50918197631836
-9.70144271850586
-9.879684448242188
-10.044479370117188
-10.197734832763672
-10.339641571044922
-10.470771789550781
-10.59255599975586
-10.704994201660156
-10.809040069580078
-10.905265808105469
-10.993766784667969
-11.075687408447266
-11.150741577148438
-11.219596862792969
-11.283016204833984
-11.340713500976562
-11.393356323242188
-11.441230773925781
-11.484336853027344
-11.52334213256836
-11.557960510253906
-11.58895492553711
-11.616325378417969
-11.640167236328125
-11.66067123413086
-11.678028106689453
-11.692237854003906
-11.703968048095703
-11.712837219238281
-11.718940734863281
-11.722850799560547
-11.724185943603516
-11.72342300415039
-11.720466613769531
-11.715412139892578
-11.708450317382812
-11.699676513671875
-11.688899993896484
-11.676502227783203
-11.662483215332031
-11.646747589111328
-11.629390716552734
-11.610555648803711
-11.590385437011719
-11.568784713745117
-11.545753479003906
-11.521577835083008
-11.49601936340332
-11.469221115112305
-11.441278457641602
-11.412191390991211
-11.381959915161133
-11.350631713867188
-11.318302154541016
-11.284780502319336
-11.250448226928711
-11.214971542358398
-11.17849349975586
-11.141300201416016
-11.103057861328125
-11.063909530639648
-11.023759841918945
-10.982990264892578
-10.941171646118164
-10.898685455322266
-10.855340957641602
-10.811090469360352
-10.766029357910156
-10.720300674438477
-10.673761367797852
-10.626459121704102
-10.578346252441406
-10.529613494873047
-10.480165481567383
-10.430002212524414
-10.3790283203125
-10.327482223510742
-10.27524471282959
-10.222315788269043
-10.168766975402832
-10.114502906799316
-10.059666633605957
-10.004186630249023
-9.948086738586426
-9.891390800476074
-9.834098815917969
-9.77623462677002
-9.717822074890137
-9.65874195098877
-9.59923267364502
-9.539151191711426
-9.478569030761719
-9.417462348937988
-9.321117401123047
-9.290719032287598
-9.22853946685791
-9.166121482849121
-9.10351276397705
-9.040630340576172
-8.977365493774414
-8.913766860961914
-8.849752426147461
-8.785414695739746
-8.720660209655762
-8.655584335327148
-8.59011459350586
-8.524394035339355
-8.458352088928223
-8.392024040222168
-8.32551097869873
-8.258808135986328
-8.19200325012207
-8.125173568725586
-8.058423042297363
-7.991743087768555
-7.924807071685791
