26.99976348876953
26.98175048828125
26.96373176574707
26.945709228515625
26.927690505981445
26.909669876098633
26.89165496826172
26.87364959716797
26.85565185546875
26.837665557861328
26.81969451904297
26.801740646362305
26.783803939819336
26.76588249206543
26.747987747192383
26.730113983154297
26.712265014648438
26.69443702697754
26.676639556884766
26.65886878967285
26.641122817993164
26.62340545654297
26.605722427368164
26.58806800842285
26.570446014404297
26.552858352661133
26.53530502319336
26.51778793334961
26.500307083129883
26.482860565185547
26.465450286865234
26.448078155517578
26.430744171142578
26.4134521484375
26.396198272705078
26.378984451293945
26.3618106842041
26.344675064086914
26.327577590942383
26.310523986816406
26.29351234436035
26.27654266357422
26.25961685180664
26.24273109436035
26.22589111328125
26.209091186523438
26.192333221435547
26.17561912536621
26.158946990966797
26.14232063293457
26.12574005126953
26.109195709228516
26.09269905090332
26.07624626159668
26.05983543395996
26.043474197387695
26.02715301513672
26.010875701904297
25.99464225769043
25.978456497192383
25.962310791015625
25.946212768554688
25.93015480041504
25.91414451599121
25.898178100585938
25.88225555419922
25.866376876831055
25.850543975830078
25.834753036499023
25.819005966186523
25.80330467224121
25.78764533996582
25.77203369140625
25.75646209716797
25.740936279296875
25.725454330444336
25.71001625061035
25.69462013244629
25.679271697998047
25.663963317871094
25.64870262145996
25.633480072021484
25.618305206298828
25.603172302246094
25.588083267211914
25.573036193847656
25.558034896850586
25.543073654174805
25.528156280517578
25.513280868530273
25.498449325561523
25.483659744262695
25.46891212463379
25.45421028137207
25.43954849243164
25.424928665161133
25.41035270690918
25.39582061767578
25.381324768066406
25.36687469482422
25.352462768554688
25.338098526000977
25.32377052307129
25.309486389160156
25.295244216918945
25.281042098999023
25.266883850097656
25.252763748168945
25.238683700561523
25.224645614624023
25.210649490356445
25.196691513061523
25.18277359008789
25.16889762878418
25.15506362915039
25.14126968383789
25.127513885498047
25.113800048828125
25.100126266479492
25.086488723754883
25.072893142700195
25.059337615966797
25.045822143554688
25.0323429107666
25.01890754699707
25.005510330200195
24.99214744567871
24.97882843017578
24.965543746948242
24.952301025390625
24.939096450805664
24.925931930541992
24.91280174255371
24.89971351623535
24.886661529541016
24.87364959716797
24.860673904418945
24.847736358642578
24.834835052490234
24.821971893310547
24.80915069580078
24.796361923217773
24.783613204956055
24.77090072631836
24.758224487304688
24.74558448791504
24.732982635498047
24.72041893005371
24.707889556884766
24.695398330688477
24.68294334411621
24.67052459716797
24.65814208984375
24.645795822143555
24.633485794067383
24.6212100982666
24.60896873474121
24.596765518188477
24.584596633911133
24.572465896606445
24.56037139892578
24.548309326171875
24.536283493041992
24.5242919921875
24.512332916259766
24.500411987304688
24.488525390625
24.47667121887207
24.464855194091797
24.45307159423828
24.441322326660156
24.429609298706055
24.41792869567871
24.406286239624023
24.39467430114746
24.383100509643555
24.371557235717773
24.360048294067383
24.34857177734375
24.337127685546875
24.325719833374023
24.314348220825195
24.30300521850586
24.291696548461914
24.280420303344727
24.26917839050293
24.257965087890625
24.246789932250977
24.235647201538086
24.224531173706055
24.213451385498047
24.202404022216797
24.191390991210938
24.18040657043457
24.169458389282227
24.158538818359375
24.147653579711914
24.136798858642578
24.1259765625
24.115184783935547
24.10442352294922
24.093698501586914
24.08300018310547
24.072338104248047
24.06170082092285
24.051097869873047
24.040523529052734
24.02998161315918
24.019474029541016
24.00899314880371
23.998546600341797
23.988126754760742
23.977739334106445
23.96738052368164
23.957050323486328
23.946754455566406
23.936487197875977
23.92624855041504
23.91604232788086
23.90586280822754
23.895719528198242
23.88559913635254
23.87551498413086
23.865453720092773
23.855426788330078
23.845426559448242
23.83545684814453
23.82551383972168
23.815603256225586
23.80571746826172
23.79586410522461
23.786035537719727
23.7762393951416
23.766469955444336
23.75672721862793
23.74701690673828
23.73733139038086
23.727678298950195
23.71805191040039
23.708454132080078
23.698883056640625
23.689340591430664
23.679828643798828
23.67034149169922
23.6608829498291
23.65145492553711
23.64204978942871
23.63267707824707
23.623327255249023
23.6140079498291
23.60471534729004
23.59545135498047
23.586210250854492
23.57699966430664
23.567811965942383
23.55865478515625
23.549524307250977
23.540416717529297
23.531339645385742
23.522287368774414
23.513263702392578
23.50426483154297
23.49529266357422
23.486347198486328
23.477428436279297
23.468534469604492
23.459667205810547
23.45082664489746
23.4420108795166
23.433223724365234
23.42445945739746
23.415719985961914
23.40700912475586
23.398317337036133
23.389659881591797
23.38102149963379
23.372411727905273
23.363826751708984
23.35526466369629
23.346731185913086
23.338220596313477
23.32973289489746
23.321273803710938
23.31283950805664
23.304426193237305
23.29604148864746
23.287683486938477
23.279342651367188
23.27103042602539
23.26274299621582
23.254480361938477
23.246240615844727
23.238021850585938
23.22983169555664
23.221664428710938
23.21352195739746
23.205402374267578
23.197303771972656
23.189233779907227
23.181180953979492
23.173158645629883
23.1651611328125
23.157182693481445
23.149227142333984
23.141298294067383
23.13338851928711
23.125505447387695
23.117643356323242
23.109804153442383
23.101985931396484
23.094194412231445
23.08642578125
23.078676223754883
23.070951461791992
23.063251495361328
23.055570602416992
23.047916412353516
23.040285110473633
23.032672882080078
23.025081634521484
23.017513275146484
23.009965896606445
23.002443313598633
22.994943618774414
22.987464904785156
22.980009078979492
22.972572326660156
22.965158462524414
22.957765579223633
22.950397491455078
22.94304847717285
22.935720443725586
22.92841339111328
22.921133041381836
22.913869857788086
22.90662384033203
22.89940643310547
22.892208099365234
22.885026931762695
22.877872467041016
22.870738983154297
22.86362075805664
22.85652732849121
22.849454879760742
22.8424015045166
22.835371017456055
22.828359603881836
22.821369171142578
22.81439971923828
22.80744743347168
22.800521850585938
22.79361343383789
22.78672218322754
22.77985382080078
22.773006439208984
22.766176223754883
22.759366989135742
22.752580642700195
22.745813369750977
22.739059448242188
22.732330322265625
22.725622177124023
22.718929290771484
22.71225929260254
22.705610275268555
22.698978424072266
22.692367553710938
22.685775756835938
22.679203033447266
22.67264747619629
22.666112899780273
22.659597396850586
22.653100967407227
22.646623611450195
22.64016342163086
22.63372230529785
22.627304077148438
22.62090301513672
22.61451530456543
22.608156204223633
22.601810455322266
22.595483779907227
22.589174270629883
22.582887649536133
22.576616287231445
22.57036018371582
22.56412696838379
22.557912826538086
22.551713943481445
22.545534133911133
22.539371490478516
22.53322982788086
22.527103424072266
22.52099609375
22.514904022216797
22.508832931518555
22.50278091430664
22.496742248535156
22.49072265625
22.484724044799805
22.478742599487305
22.472774505615234
22.466825485229492
22.46089744567871
22.454984664916992
22.449087142944336
22.44320297241211
22.43734359741211
22.43149757385254
22.425668716430664
22.41985511779785
22.414064407348633
22.408288955688477
22.40252685546875
22.39678382873535
22.391061782836914
22.385351181030273
22.379655838012695
22.373979568481445
22.36832046508789
22.36267852783203
22.357051849365234
22.351442337036133
22.34584617614746
22.34027099609375
22.3347110748291
22.329166412353516
22.323637008666992
22.318124771118164
22.312631607055664
22.307153701782227
22.30168914794922
22.296239852905273
22.29081153869629
22.285396575927734
22.279996871948242
22.274608612060547
22.269243240356445
22.263893127441406
22.258556365966797
22.253231048583984
22.247926712036133
22.24264144897461
22.237367630004883
22.232107162475586
22.226863861083984
22.221637725830078
22.2164249420166
22.211227416992188
22.20604705810547
22.200878143310547
22.195730209350586
22.19059181213379
22.185470581054688
22.18036651611328
22.175270080566406
22.170194625854492
22.16513442993164
22.16008758544922
22.15505599975586
22.150033950805664
22.145030975341797
22.140045166015625
22.135072708129883
22.130111694335938
22.125165939331055
22.120241165161133
22.115325927734375
22.11042594909668
22.10553741455078
22.100666046142578
22.095809936523438
22.09096908569336
22.086137771606445
22.08131980895996
22.076520919799805
22.071735382080078
22.06696319580078
22.06220245361328
22.05745506286621
22.052724838256836
22.048009872436523
22.043304443359375
22.038616180419922
22.033939361572266
22.029277801513672
22.02463150024414
22.019994735717773
22.01537322998047
22.010766983032227
22.006174087524414
22.00159454345703
21.99703025817871
21.992483139038086
21.98794937133789
21.983428955078125
21.978925704956055
21.974435806274414
21.96996307373047
21.965505599975586
21.9610595703125
21.956628799438477
21.952213287353516
21.947816848754883
21.94343376159668
21.939067840576172
21.934711456298828
21.930370330810547
21.92605209350586
21.9217472076416
21.917455673217773
21.913177490234375
21.908912658691406
21.904666900634766
21.900442123413086
21.89622688293457
21.892024993896484
21.88783836364746
21.883668899536133
21.8795166015625
21.875377655029297
21.871253967285156
21.867143630981445
21.863048553466797
21.85896873474121
21.854909896850586
21.850860595703125
21.846826553344727
21.842803955078125
21.83880043029785
21.834808349609375
21.830835342407227
21.826873779296875
21.822927474975586
21.81899642944336
21.815080642700195
21.811176300048828
21.807289123535156
21.803417205810547
21.799556732177734
21.79571533203125
21.79188346862793
21.788068771362305
21.78426170349121
21.780475616455078
21.776700973510742
21.7729434967041
21.76919937133789
21.765466690063477
21.76174545288086
21.758039474487305
21.754350662231445
21.750675201416016
21.747013092041016
21.743364334106445
21.739727020263672
21.736101150512695
21.732492446899414
21.728900909423828
21.725322723388672
21.72175407409668
21.718196868896484
21.71465492248535
21.711122512817383
21.707611083984375
21.704113006591797
21.700624465942383
21.69715118408203
21.69368553161621
21.690231323242188
21.68679428100586
21.683374404907227
21.679962158203125
21.67656707763672
21.673181533813477
21.669803619384766
21.66644287109375
21.663095474243164
21.65976333618164
21.656442642211914
21.653133392333984
21.64983558654785
21.646547317504883
21.643274307250977
21.6400146484375
21.63676643371582
21.63353157043457
21.630306243896484
21.627094268798828
21.62389373779297
21.620708465576172
21.617530822753906
21.614364624023438
21.61121368408203
21.608076095581055
21.604948043823242
21.601831436157227
21.59872817993164
21.59563446044922
21.59255027770996
21.5894775390625
21.58641815185547
21.5833683013916
21.580333709716797
21.577312469482422
21.57430076599121
21.571300506591797
21.568309783935547
21.56532859802246
21.562362670898438
21.559406280517578
21.556459426879883
21.55352783203125
21.55060577392578
21.547693252563477
21.544790267944336
21.54189682006836
21.53901481628418
21.53614616394043
21.53329086303711
21.530447006225586
21.527612686157227
21.52478790283203
21.521968841552734
21.5191593170166
21.516359329223633
21.513574600219727
21.510799407958984
21.508039474487305
21.505287170410156
21.502546310424805
21.499813079833984
21.497089385986328
21.49437141418457
21.49166488647461
21.48897361755371
21.486295700073242
21.483627319335938
21.480968475341797
21.478315353393555
21.475671768188477
21.47303581237793
21.47041130065918
21.46780014038086
21.46519660949707
21.46260643005371
21.460025787353516
21.457454681396484
21.454891204833984
21.452335357666016
21.44978904724121
21.44725227355957
21.44472312927246
21.44220733642578
21.43970489501953
21.437211990356445
21.434722900390625
21.4322452545166
21.429777145385742
21.42731475830078
21.42486000061035
21.42241859436035
21.419984817504883
21.41756248474121
21.41515350341797
21.412748336791992
21.41035270690918
21.40796661376953
21.40558624267578
21.403215408325195
21.400854110717773
21.398502349853516
21.396162033081055
21.39382553100586
21.391504287719727
21.389188766479492
21.386882781982422
21.384584426879883
21.382291793823242
21.380008697509766
21.377737045288086
21.375473022460938
21.37321662902832
21.370967864990234
21.368730545043945
21.366500854492188
21.36427879333496
21.362064361572266
21.3598575592041
21.35765838623047
21.355470657348633
21.353290557861328
21.351118087768555
21.34895133972168
21.34679412841797
21.344642639160156
21.342504501342773
21.340373992919922
21.33824920654297
21.336132049560547
21.334022521972656
21.331926345825195
21.329833984375
21.327749252319336
21.32567024230957
21.32360076904297
21.321537017822266
21.319482803344727
21.31743812561035
21.315399169921875
21.31336784362793
21.31134796142578
21.30933380126953
21.30732536315918
21.305326461791992
21.303335189819336
21.301349639892578
21.29936981201172
21.29739761352539
21.295434951782227
21.29347801208496
21.29153060913086
21.289592742919922
21.287660598754883
21.285736083984375
21.28382110595703
21.28190803527832
21.280004501342773
21.278104782104492
21.276212692260742
21.27432632446289
21.272445678710938
21.27057647705078
21.268712997436523
21.26685905456543
21.2650146484375
21.26317596435547
21.261343002319336
21.2595157623291
21.257694244384766
21.25588035583496
21.254072189331055
21.252269744873047
21.250473022460938
21.24868392944336
21.246898651123047
21.245126724243164
21.243364334106445
21.241607666015625
21.239858627319336
21.23811149597168
21.236371994018555
21.234638214111328
21.23291015625
21.23118782043457
21.229473114013672
21.227760314941406
21.226057052612305
21.22435760498047
21.222667694091797
21.220991134643555
21.219318389892578
21.2176513671875
21.215988159179688
21.214332580566406
21.212682723999023
21.211036682128906
21.20939826965332
21.207765579223633
21.20613670349121
21.204513549804688
21.20289421081543
21.201284408569336
21.19968032836914
21.198083877563477
21.196496963500977
21.194915771484375
21.193342208862305
21.1917724609375
21.19020652770996
21.18864631652832
21.187091827392578
21.1855411529541
21.183996200561523
21.182458877563477
21.180925369262695
21.17939567565918
21.177873611450195
21.176359176635742
21.174850463867188
21.173349380493164
21.171855926513672
21.170366287231445
21.168880462646484
21.167402267456055
21.16592788696289
21.164457321166992
21.162992477416992
21.16153335571289
21.160078048706055
21.158626556396484
21.157182693481445
21.155742645263672
21.15431022644043
21.15288543701172
21.151464462280273
21.150049209594727
21.148639678955078
21.14723777770996
21.145841598510742
21.144451141357422
21.143062591552734
21.141681671142578
21.140304565429688
21.13892936706543
21.13755989074707
21.13619613647461
21.134836196899414
21.133480072021484
21.13213539123535
21.130794525146484
21.129457473754883
21.128124237060547
21.12679672241211
21.125473022460938
21.124156951904297
21.122848510742188
21.12154197692871
21.120241165161133
21.11894416809082
21.117652893066406
21.116363525390625
21.115079879760742
21.113800048828125
21.112525939941406
21.111257553100586
21.10999298095703
21.108734130859375
21.10748291015625
21.106231689453125
21.10498809814453
21.10374641418457
21.10251235961914
21.10127830505371
21.100053787231445
21.098834991455078
21.097620010375977
21.09640884399414
21.09520149230957
21.093997955322266
21.09280014038086
21.091604232788086
21.090412139892578
21.08922576904297
21.088041305541992
21.08686637878418
21.085695266723633
21.08452796936035
21.08336639404297
21.08220672607422
21.081050872802734
21.079898834228516
21.078752517700195
21.07761001586914
21.07646942138672
21.07533836364746
21.07421112060547
21.073087692260742
21.071969985961914
21.07085418701172
21.069740295410156
21.068632125854492
21.067529678344727
21.06642723083496
21.06532859802246
21.064239501953125
21.063156127929688
21.062074661254883
21.06099510192871
21.059921264648438
21.05885124206543
21.057785034179688
21.056720733642578
21.055660247802734
21.054603576660156
21.053552627563477
21.052501678466797
21.05146026611328
21.05042266845703
21.049386978149414
21.048357009887695
21.04732894897461
21.046306610107422
21.045284271240234
21.044269561767578
21.043256759643555
21.042247772216797
21.04124641418457
21.04024887084961
21.03925323486328
21.03826141357422
21.037273406982422
21.036285400390625
21.03530502319336
21.034326553344727
21.033349990844727
21.032377243041992
21.031408309936523
21.030441284179688
21.02947998046875
21.028520584106445
21.027563095092773
21.026615142822266
21.025671005249023
21.024728775024414
21.02379035949707
21.022855758666992
21.021923065185547
21.02099609375
21.020071029663086
21.01915168762207
21.01823616027832
21.017324447631836
21.016414642333984
21.01551055908203
21.014606475830078
21.013708114624023
21.01280975341797
21.01191520690918
21.011024475097656
21.010135650634766
21.009252548217773
21.008371353149414
21.007492065429688
21.006616592407227
21.005741119384766
21.004873275756836
21.004005432128906
21.003141403198242
21.002286911010742
21.001432418823242
21.00058364868164
20.999736785888672
20.998891830444336
20.998048782348633
20.997211456298828
20.996381759643555
20.99555206298828
20.994726181030273
20.99390411376953
20.993083953857422
20.992265701293945
20.9914493560791
20.990636825561523
20.989826202392578
20.98902130126953
20.98821449279785
20.98741340637207
20.986614227294922
20.985816955566406
20.985023498535156
20.984233856201172
20.983444213867188
20.98265838623047
20.981876373291016
20.981096267700195
20.98031997680664
20.979543685913086
20.978771209716797
20.978002548217773
20.97724151611328
20.976482391357422
20.975725173950195
20.9749698638916
20.974224090576172
20.973478317260742
20.972736358642578
20.971996307373047
20.97126007080078
20.970523834228516
20.969791412353516
20.96906280517578
20.968334197998047
20.967609405517578
20.966886520385742
20.966167449951172
20.9654483795166
20.964733123779297
20.964019775390625
20.96331024169922
20.962602615356445
20.961894989013672
20.961191177368164
20.960487365722656
20.959789276123047
20.959091186523438
20.958398818969727
20.957704544067383
20.957015991210938
20.956327438354492
20.955644607543945
20.954959869384766
20.954280853271484
20.95360565185547
20.95293617248535
20.952266693115234
20.95160675048828
20.950946807861328
20.95029067993164
20.949636459350586
20.94898223876953
20.948331832885742
20.947683334350586
20.94703483581543
20.946392059326172
20.945749282836914
20.945110321044922
20.944469451904297
20.94383430480957
20.943201065063477
20.942569732666016
20.941940307617188
20.941312789916992
20.94068717956543
20.940065383911133
20.93944549560547
20.938825607299805
20.938209533691406
1
3.4114201068878174
3.4726805686950684
3.533620595932007
3.5942800045013428
3.654693603515625
3.7148890495300293
3.7748916149139404
3.834721326828003
3.8943963050842285
3.9539310932159424
4.013338565826416
4.072629451751709
4.131813049316406
4.190896987915039
4.2498884201049805
4.308791637420654
4.367613315582275
4.426357269287109
4.485027313232422
4.543626308441162
4.602157115936279
4.660621166229248
4.719021797180176
4.777359962463379
4.83563756942749
4.893855094909668
4.952014446258545
5.010117053985596
5.068255424499512
5.126249313354492
5.184182643890381
5.242059230804443
5.299877643585205
5.357639789581299
5.415345191955566
5.472994804382324
5.530588150024414
5.5881266593933105
5.645610332489014
5.703027725219727
5.760359764099121
5.8175883293151855
5.874698162078857
5.93167781829834
5.988514423370361
6.045199394226074
6.101724147796631
6.158081531524658
6.214265823364258
6.270271301269531
6.326094150543213
6.381729602813721
6.437175273895264
6.492427349090576
6.547483921051025
6.6023430824279785
6.657003402709961
6.711463928222656
6.765722274780273
6.819778919219971
6.87363338470459
6.927283763885498
6.9807305335998535
7.033973693847656
7.087013244628906
7.1398491859436035
7.192481517791748
7.24491024017334
7.297135353088379
7.349158763885498
7.400979042053223
7.4525980949401855
7.504014492034912
7.555231094360352
7.6062469482421875
7.657063007354736
7.707679748535156
7.75809907913208
7.808319091796875
7.858342170715332
7.908169269561768
7.95780086517334
8.007237434387207
8.056479454040527
8.105527877807617
8.154382705688477
8.203045845031738
8.251517295837402
8.299798011779785
8.34788703918457
8.395788192749023
8.443500518798828
8.491024017333984
8.538361549377441
8.585512161254883
8.632476806640625
8.679256439208984
8.725852012634277
8.77226448059082
8.81849479675293
8.864542961120605
8.910408973693848
8.956095695495605
9.001602172851562
9.046929359436035
9.09207820892334
9.137049674987793
9.181843757629395
9.226462364196777
9.270904541015625
9.315173149108887
9.359267234802246
9.403188705444336
9.446935653686523
9.49051284790039
9.533917427062988
9.57715129852295
9.62021541595459
9.663110733032227
9.70583724975586
9.748395919799805
9.790787696838379
9.833013534545898
9.875073432922363
9.91696834564209
9.958698272705078
10.000265121459961
10.041667938232422
10.08290958404541
10.12398910522461
10.164907455444336
10.20566463470459
10.24626350402832
10.286704063415527
10.326984405517578
10.367106437683105
10.407073974609375
10.446883201599121
10.48653507232666
10.526032447814941
10.565375328063965
10.604565620422363
10.643599510192871
10.682482719421387
10.721213340759277
10.75979232788086
10.798219680786133
10.836499214172363
10.874627113342285
10.912606239318848
10.950435638427734
10.988119125366211
11.025655746459961
11.063042640686035
11.100284576416016
11.137381553649902
11.174334526062012
11.211140632629395
11.247803688049316
11.284324645996094
11.320704460144043
11.356939315795898
11.393033981323242
11.42898941040039
11.464802742004395
11.500476837158203
11.536014556884766
11.571409225463867
11.606667518615723
11.641788482666016
11.676772117614746
11.71161937713623
11.746330261230469
11.78090763092041
11.815350532531738
11.849655151367188
11.883829116821289
11.917869567871094
11.951777458190918
11.985552787780762
12.019197463989258
12.05271053314209
12.08609390258789
12.11934757232666
12.152471542358398
12.185467720031738
12.218335151672363
12.251073837280273
12.283684730529785
12.316168785095215
12.348527908325195
12.380759239196777
12.41286563873291
12.44484806060791
12.476706504821777
12.508440017700195
12.540051460266113
12.571538925170898
12.6029052734375
12.634148597717285
12.66526985168457
12.696270942687988
12.727150917053223
12.75791072845459
12.788553237915039
12.819076538085938
12.849479675292969
12.879767417907715
12.90993595123291
12.93998908996582
12.96992301940918
12.99974250793457
13.02944564819336
13.05903434753418
13.088507652282715
13.117867469787598
13.147112846374512
13.176244735717773
13.205265045166016
13.234171867370605
13.262967109680176
13.29164981842041
13.320221900939941
13.348682403564453
13.377032279968262
13.405274391174316
13.433403968811035
13.461426734924316
13.489341735839844
13.517147064208984
13.544844627380371
13.57243537902832
13.599920272827148
13.627297401428223
13.654568672180176
13.68173599243164
13.708797454833984
13.735754013061523
13.762604713439941
13.78935432434082
13.815998077392578
13.84254264831543
13.868983268737793
13.895318031311035
13.921552658081055
13.947685241699219
13.973719596862793
13.999651908874512
14.02548599243164
14.05121898651123
14.07685375213623
14.102387428283691
14.127821922302246
14.153159141540527
14.178398132324219
14.203540802001953
14.228585243225098
14.253532409667969
14.278383255004883
14.303140640258789
14.327800750732422
14.35236644744873
14.376836776733398
14.401212692260742
14.425495147705078
14.44968318939209
14.47377872467041
14.497780799865723
14.521690368652344
14.545507431030273
14.569231986999512
14.592865943908691
14.616408348083496
14.639859199523926
14.663219451904297
14.686492919921875
14.709674835205078
14.732768058776855
14.755772590637207
14.7786865234375
14.801513671875
14.824251174926758
14.846901893615723
14.869465827941895
14.89194393157959
14.914337158203125
14.936640739440918
14.958858489990234
14.980992317199707
15.003040313720703
15.025004386901855
15.046883583068848
15.068675994873047
15.090386390686035
15.112014770507812
15.133559226989746
15.155020713806152
15.176397323608398
15.197694778442383
15.21890926361084
15.24004077911377
15.261092185974121
15.282063484191895
15.302953720092773
15.323762893676758
15.344491958618164
15.365142822265625
15.385712623596191
15.406204223632812
15.426616668701172
15.446951866149902
15.467207908630371
15.487385749816895
15.507486343383789
15.527509689331055
15.547456741333008
15.567326545715332
15.58712100982666
15.606839179992676
15.626482009887695
15.646049499511719
15.66554069519043
15.684958457946777
15.704299926757812
15.7235689163208
15.74276351928711
15.761881828308105
15.780929565429688
15.799904823303223
15.818806648254395
15.837635040283203
15.856390953063965
15.875076293945312
15.893688201904297
15.912229537963867
15.930700302124023
15.94909954071045
15.967429161071777
15.985687255859375
16.003875732421875
16.02199363708496
16.040042877197266
16.05802345275879
16.0759334564209
16.09377670288086
16.111553192138672
16.129257202148438
16.146896362304688
16.164466857910156
16.181970596313477
16.199405670166016
16.21677589416504
16.23407745361328
16.25131607055664
16.26848602294922
16.28559112548828
16.30263328552246
16.31960678100586
16.336515426635742
16.35335922241211
16.370140075683594
16.386856079101562
16.40350914001465
16.42009735107422
16.436622619628906
16.453083038330078
16.469480514526367
16.485816955566406
16.50208854675293
16.518301010131836
16.53445053100586
16.550537109375
16.56656265258789
16.58252716064453
16.598432540893555
16.614274978637695
16.630056381225586
16.645776748657227
16.66143798828125
16.677040100097656
16.692583084106445
16.708066940307617
16.723491668701172
16.738855361938477
16.754159927368164
16.7694091796875
16.784597396850586
16.799726486206055
16.814800262451172
16.829814910888672
16.84477424621582
16.85967445373535
16.8745174407959
16.889305114746094
16.904035568237305
16.918710708618164
16.93332862854004
16.94788932800293
16.9623966217041
16.976848602294922
16.99124526977539
17.005584716796875
17.01987075805664
17.034103393554688
17.048282623291016
17.062406539916992
17.076475143432617
17.090492248535156
17.10445213317871
17.118362426757812
17.132219314575195
17.14602279663086
17.159772872924805
17.173471450805664
17.187116622924805
17.200712203979492
17.214252471923828
17.22774314880371
17.241180419921875
17.254568099975586
17.26790428161621
17.28118896484375
17.294424057006836
17.307607650756836
17.320743560791016
17.33382797241211
17.34686279296875
17.359848022460938
17.37278175354004
17.385665893554688
17.398502349853516
17.41128921508789
17.424028396606445
17.436717987060547
17.449359893798828
17.461956024169922
17.47450065612793
17.48699951171875
17.49945068359375
17.51185417175293
17.524211883544922
17.53652000427246
17.54878044128418
17.560997009277344
17.573165893554688
17.585289001464844
17.59736442565918
17.60939598083496
17.621379852294922
17.633317947387695
17.64521026611328
17.657058715820312
17.668861389160156
17.680618286132812
17.692331314086914
17.703998565673828
17.715620040893555
17.727201461791992
17.738737106323242
17.750226974487305
17.761674880981445
17.77307891845703
17.78443717956543
17.795753479003906
17.80702781677246
17.818260192871094
17.829448699951172
17.840595245361328
17.85169792175293
17.862760543823242
17.873779296875
17.884756088256836
17.895692825317383
17.906587600708008
17.91744041442871
17.928251266479492
17.93902015686035
17.949748992919922
17.96043586730957
17.97108268737793
17.981689453125
17.992258071899414
18.002784729003906
18.01327133178711
18.023717880249023
18.03412437438965
18.044492721557617
18.054821014404297
18.06511116027832
18.075359344482422
18.085569381713867
18.095741271972656
18.105876922607422
18.115970611572266
18.126026153564453
18.136043548583984
18.14602279663086
18.155963897705078
18.16586685180664
18.17573356628418
18.185564041137695
18.195356369018555
18.205108642578125
18.214826583862305
18.22450828552246
18.23415184020996
18.243757247924805
18.25333023071289
18.26286506652832
18.272363662719727
18.281824111938477
18.291250228881836
18.300642013549805
18.309995651245117
18.31931495666504
18.32859992980957
18.337846755981445
18.347061157226562
18.356239318847656
18.36538314819336
18.37449073791504
18.38356590270996
18.392606735229492
18.401611328125
18.410581588745117
18.419519424438477
18.428422927856445
18.437292098999023
18.44612693786621
18.45492935180664
18.463695526123047
18.472431182861328
18.48113441467285
18.489803314208984
18.498437881469727
18.50704002380371
18.515609741210938
18.524147033691406
18.532651901245117
18.541126251220703
18.54956817626953
18.5579776763916
18.56635284423828
18.57469940185547
18.5830135345459
18.59129524230957
18.59954833984375
18.60776710510254
18.615957260131836
18.624114990234375
18.632240295410156
18.640336990356445
18.64840316772461
18.656436920166016
18.664440155029297
18.672414779663086
18.680356979370117
18.688270568847656
18.69615364074707
18.70400619506836
18.711830139160156
18.719621658325195
18.727386474609375
18.73512077331543
18.742826461791992
18.75050163269043
18.758148193359375
18.76576805114746
18.773357391357422
18.780916213989258
18.788448333740234
18.795949935913086
18.80342674255371
18.81087303161621
18.81829071044922
18.825679779052734
18.83304214477539
18.840375900268555
18.847681045532227
18.85495948791504
18.86220932006836
18.869434356689453
18.876630783081055
18.883800506591797
18.89094352722168
18.89805793762207
18.9051456451416
18.91220474243164
18.919239044189453
18.926246643066406
18.9332275390625
18.940181732177734
18.94710922241211
18.95401382446289
18.960887908935547
18.96773910522461
18.97456169128418
18.981361389160156
18.98813247680664
18.99488067626953
19.00160026550293
19.008296966552734
19.01496696472168
19.0216121673584
19.02823257446289
19.034826278686523
19.041397094726562
19.04793930053711
19.054460525512695
19.060955047607422
19.067426681518555
19.07387351989746
19.08029556274414
19.08669090270996
19.09306526184082
19.09941291809082
19.105737686157227
19.11203956604004
19.118316650390625
19.124568939208984
19.13079833984375
19.137004852294922
19.1431884765625
19.14934730529785
19.15548324584961
19.161596298217773
19.16768455505371
19.173751831054688
19.179794311523438
19.185815811157227
19.191814422607422
19.19778823852539
19.20374298095703
19.209672927856445
19.215579986572266
19.221464157104492
19.227327346801758
19.23316764831543
19.23898696899414
19.244783401489258
19.250560760498047
19.25631332397461
19.26204490661621
19.26775550842285
19.2734432220459
19.27910804748535
19.284753799438477
19.290376663208008
19.295976638793945
19.301559448242188
19.307119369506836
19.31265640258789
19.318174362182617
19.323673248291016
19.329147338867188
19.334604263305664
19.340038299560547
19.3454532623291
19.350847244262695
19.356218338012695
19.361572265625
19.366905212402344
19.372217178344727
19.37751007080078
19.382781982421875
19.38803482055664
19.393266677856445
19.398481369018555
19.40367317199707
19.40884780883789
19.41400146484375
19.41913604736328
19.424251556396484
19.429346084594727
19.434425354003906
19.43947982788086
19.44451904296875
19.44953727722168
19.45453643798828
19.459518432617188
19.464481353759766
19.469425201416016
19.474349975585938
19.47925567626953
19.48414421081543
19.489013671875
19.493864059448242
19.49869728088379
19.503509521484375
19.5083065032959
19.513084411621094
19.51784324645996
19.522586822509766
19.52730941772461
19.53201675415039
19.53670310974121
19.54137420654297
19.54602813720703
19.550662994384766
19.555280685424805
19.55988121032715
19.564464569091797
19.569028854370117
19.573577880859375
19.578107833862305
19.582622528076172
19.58711814880371
19.59160041809082
19.59606170654297
19.600505828857422
19.604936599731445
19.60934829711914
19.61374282836914
19.61812400817871
19.622486114501953
19.626832962036133
19.63116455078125
19.63547706604004
19.639774322509766
19.64405632019043
19.6483211517334
19.652570724487305
19.656803131103516
19.66101837158203
19.665218353271484
19.669404983520508
19.673574447631836
19.6777286529541
19.68186378479004
19.685985565185547
19.690093994140625
19.694183349609375
19.698259353637695
19.702320098876953
19.706363677978516
19.710391998291016
19.714406967163086
19.718406677246094
19.722389221191406
19.726360321044922
19.73031234741211
19.734249114990234
19.738174438476562
19.742082595825195
19.7459774017334
19.749858856201172
19.75372314453125
19.757572174072266
19.761409759521484
19.76523208618164
19.7690372467041
19.772830963134766
19.776609420776367
19.780372619628906
19.784122467041016
19.787858963012695
19.79157829284668
19.795286178588867
19.798980712890625
19.80265998840332
19.806325912475586
19.809978485107422
19.813615798950195
19.81723976135254
19.820850372314453
19.82444953918457
19.82802963256836
19.831600189208984
19.83515739440918
19.838701248168945
19.84222984313965
19.845746994018555
19.84925079345703
19.852739334106445
19.856216430664062
19.85968017578125
19.86313247680664
19.866567611694336
19.869993209838867
19.8734073638916
19.87680435180664
19.880189895629883
19.883563995361328
19.88692283630371
19.890270233154297
19.893606185913086
19.896928787231445
19.900238037109375
19.903533935546875
19.90682029724121
19.910091400146484
19.91335105895996
19.91659927368164
19.919836044311523
19.923059463500977
19.92626953125
19.929468154907227
19.932655334472656
19.935829162597656
19.93899154663086
19.942142486572266
19.945281982421875
19.948408126831055
19.95152473449707
19.954627990722656
19.957719802856445
19.960800170898438
19.963869094848633
19.96692657470703
19.969970703125
19.973005294799805
19.97602653503418
19.979040145874023
19.982038497924805
19.985027313232422
19.98800277709961
19.990968704223633
19.99392318725586
19.996868133544922
19.999799728393555
20.002721786499023
20.005632400512695
20.00853157043457
20.01142120361328
20.014299392700195
20.017166137695312
20.020023345947266
20.02286720275879
20.02570152282715
20.028526306152344
20.03133773803711
20.03413963317871
20.036930084228516
20.03971290588379
20.042484283447266
20.045244216918945
20.047992706298828
20.050731658935547
20.0534610748291
20.056180953979492
20.058889389038086
20.061586380004883
20.06427574157715
20.066953659057617
20.069622039794922
20.07227897644043
20.074928283691406
20.077566146850586
20.0801944732666
20.08281135559082
20.085418701171875
20.0880184173584
20.090606689453125
20.093185424804688
20.095754623413086
20.09831428527832
20.10086441040039
20.103404998779297
20.105934143066406
20.108455657958984
20.1109676361084
20.113468170166016
20.1159610748291
20.118444442749023
20.12091827392578
20.123382568359375
20.125837326049805
20.12828254699707
20.130720138549805
20.133146286010742
20.13556671142578
20.13797378540039
20.1403751373291
20.142765045166016
20.1451473236084
20.147518157958984
20.149883270263672
20.152238845825195
20.154584884643555
20.15692138671875
20.159252166748047
20.161571502685547
20.163881301879883
20.16618537902832
20.16847801208496
20.17076301574707
20.173038482666016
20.17530632019043
20.177568435668945
20.179819107055664
20.18206214904785
20.184293746948242
20.186519622802734
20.188737869262695
20.190946578979492
20.193145751953125
20.195337295532227
20.197521209716797
20.199695587158203
20.20186424255371
20.204023361206055
20.206172943115234
20.208316802978516
20.210451126098633
20.21257972717285
20.214698791503906
20.21681022644043
20.21891212463379
20.221004486083984
20.223093032836914
20.22517204284668
20.227245330810547
20.22930908203125
20.23136329650879
20.233409881591797
20.235450744628906
20.237483978271484
20.23950958251953
20.241527557373047
20.2435359954834
20.24553680419922
20.24753189086914
20.24951934814453
20.251501083374023
20.25347137451172
20.255434036254883
20.25739097595215
20.259340286254883
20.26128387451172
20.263221740722656
20.26515007019043
20.26706886291504
20.26898193359375
20.27088737487793
20.27278709411621
20.27467918395996
20.276567459106445
20.2784423828125
20.280311584472656
20.282175064086914
20.28403091430664
20.2858829498291
20.28772735595703
20.289562225341797
20.29138946533203
20.293210983276367
20.295026779174805
20.29683494567871
20.29863929748535
20.300434112548828
20.30221939086914
20.303998947143555
20.30577278137207
20.307540893554688
20.309303283691406
20.311059951782227
20.312807083129883
20.314546585083008
20.316280364990234
20.31800651550293
20.31972885131836
20.32144546508789
20.32315444946289
20.32485580444336
20.326549530029297
20.328237533569336
20.32992172241211
20.33159828186035
20.333269119262695
20.33493423461914
20.336591720581055
20.338241577148438
20.339885711669922
20.34152603149414
20.343156814575195
20.344783782958984
20.346406936645508
20.3480224609375
20.34963035583496
20.35123062133789
20.352825164794922
20.354415893554688
20.356000900268555
20.357580184936523
20.35915184020996
20.3607177734375
20.36227798461914
20.363832473754883
20.365381240844727
20.366924285888672
20.36846160888672
20.369993209838867
20.371517181396484
20.373037338256836
20.37455177307129
20.37605857849121
20.377561569213867
20.379058837890625
20.380552291870117
20.38204002380371
20.383522033691406
20.38499641418457
20.386465072631836
20.387928009033203
20.389385223388672
20.390836715698242
20.392284393310547
20.39372444152832
20.395160675048828
20.39659309387207
20.398019790649414
20.399438858032227
20.400854110717773
20.402263641357422
20.403669357299805
20.40506935119629
20.406461715698242
20.40785026550293
20.40923309326172
20.41061019897461
20.4119815826416
20.413347244262695
20.414709091186523
20.416067123413086
20.41741943359375
20.418766021728516
20.420108795166016
20.421443939208984
20.42277717590332
20.424102783203125
20.425424575805664
20.426740646362305
20.42805290222168
20.429359436035156
20.430660247802734
20.43195915222168
20.433252334594727
20.434539794921875
20.435821533203125
20.437097549438477
20.438371658325195
20.439640045166016
20.440900802612305
20.44215965270996
20.44341278076172
20.44466209411621
20.445905685424805
20.447147369384766
20.448381423950195
20.44961166381836
20.450838088989258
20.45206069946289
20.45327377319336
20.454486846923828
20.4556941986084
20.45689582824707
20.45809555053711
20.459291458129883
20.460479736328125
20.4616641998291
20.462844848632812
20.464019775390625
20.465190887451172
20.46635627746582
20.467517852783203
20.46867561340332
20.469829559326172
20.47098159790039
20.472126007080078
20.4732666015625
20.474403381347656
20.475534439086914
20.476661682128906
20.477785110473633
20.47890281677246
20.480018615722656
20.481130599975586
20.48223876953125
20.483341217041016
20.48444366455078
20.485538482666016
20.48663330078125
20.487722396850586
20.488805770874023
20.489887237548828
20.4909610748291
20.49203109741211
20.49309539794922
20.494152069091797
20.495206832885742
20.496257781982422
20.497304916381836
20.498348236083984
20.4993896484375
20.50042724609375
20.5014591217041
20.50248908996582
20.503515243530273
20.50453758239746
20.505558013916016
20.506574630737305
20.507587432861328
20.50859832763672
20.50960350036621
20.510604858398438
20.51160430908203
20.51259994506836
20.513591766357422
20.514577865600586
20.51555824279785
20.516530990600586
20.517499923706055
20.51846694946289
20.519428253173828
20.520387649536133
20.521345138549805
20.522296905517578
20.52324676513672
20.524194717407227
20.525136947631836
20.52607536315918
20.527013778686523
20.5279483795166
20.528881072998047
20.529809951782227
20.53073501586914
20.531658172607422
20.532575607299805
20.533491134643555
20.534404754638672
20.53531265258789
20.536218643188477
20.537120819091797
20.538021087646484
20.538921356201172
20.539804458618164
20.540685653686523
20.54156494140625
20.542438507080078
20.543312072753906
20.54418182373047
20.545047760009766
20.54591178894043
20.54677391052246
20.54763412475586
20.54848861694336
20.549341201782227
20.550189971923828
20.551036834716797
20.551881790161133
20.55272102355957
20.55356216430664
20.55439567565918
20.55522918701172
20.556058883666992
20.556886672973633
20.55771255493164
20.55853271484375
20.55935287475586
20.56016731262207
20.56098175048828
20.561792373657227
20.56259536743164
20.563392639160156
20.564184188842773
20.56497573852539
20.56576156616211
20.566547393798828
20.56732940673828
20.5681095123291
20.568885803222656
20.569660186767578
20.570430755615234
20.57120132446289
20.57196807861328
20.572731018066406
20.57349395751953
20.57425308227539
20.575008392333984
20.575761795043945
20.576513290405273
20.577260971069336
20.578006744384766
20.57874870300293
20.579492568969727
20.580228805541992
20.58096694946289
20.58169937133789
20.58243179321289
20.583158493041992
20.583887100219727
20.58460807800293
20.585330963134766
20.586044311523438
20.58675765991211
20.587465286254883
20.58816909790039
20.5888671875
20.58956527709961
20.59025764465332
20.590951919555664
20.591642379760742
20.592330932617188
20.593017578125
20.593700408935547
20.59438133239746
20.595060348510742
20.59573745727539
20.596410751342773
20.597084045410156
20.597753524780273
20.59842300415039
20.59908676147461
20.599750518798828
20.60041046142578
20.6010684967041
20.601726531982422
20.602380752563477
20.603031158447266
20.603681564331055
20.60433006286621
20.6049747467041
20.605619430541992
20.606258392333984
20.60689926147461
20.60753631591797
20.608171463012695
20.608800888061523
20.609426498413086
20.610050201416016
20.61067008972168
20.611291885375977
20.611906051635742
20.612516403198242
20.61312484741211
20.61372947692871
20.614336013793945
20.61493682861328
20.615535736083984
20.616134643554688
20.616729736328125
20.617326736450195
20.617916107177734
20.618507385253906
20.619096755981445
20.61968231201172
20.620267868041992
20.620849609375
20.621429443359375
20.62200927734375
20.62258529663086
20.62316131591797
20.62373161315918
20.624303817749023
20.6248722076416
20.625438690185547
20.626005172729492
20.626567840576172
20.62712860107422
20.627687454223633
20.628244400024414
20.628801345825195
20.62935447692871
20.629907608032227
20.63045883178711
20.631006240844727
20.63155174255371
20.632091522216797
20.63262939453125
20.63316535949707
20.63370132446289
20.634233474731445
20.634765625
20.635292053222656
20.635820388793945
20.63634490966797
20.63686180114746
20.637380599975586
20.637895584106445
20.638408660888672
20.638919830322266
20.63943099975586
20.639938354492188
20.640445709228516
20.64095115661621
20.641454696655273
20.641958236694336
20.6424560546875
20.642953872680664
20.643451690673828
20.643945693969727
20.644437789916992
20.64493179321289
20.64542007446289
20.64590835571289
20.64639663696289
20.646879196166992
20.647363662719727
20.647846221923828
20.648324966430664
20.6488037109375
20.649282455444336
20.649755477905273
20.65022850036621
20.65070343017578
20.65117073059082
20.651639938354492
20.652109146118164
20.652572631835938
20.65303611755371
20.653499603271484
20.653959274291992
20.6544189453125
20.654874801635742
20.65532684326172
20.65577507019043
20.656225204467773
20.65667152404785
20.657115936279297
20.657560348510742
20.658004760742188
20.658443450927734
20.658884048461914
20.65932273864746
20.659757614135742
20.660192489624023
20.660627365112305
20.661056518554688
20.661481857299805
20.661907196044922
20.662330627441406
20.662750244140625
20.663171768188477
20.663591384887695
20.66400909423828
20.6644229888916
20.664838790893555
20.665252685546875
20.66566276550293
20.666072845458984
20.666484832763672
20.66689109802246
20.66729736328125
20.667701721191406
20.668107986450195
20.66851043701172
20.66891098022461
20.6693115234375
20.66971206665039
20.670106887817383
20.670501708984375
20.6708984375
20.67129135131836
20.671682357788086
20.67207145690918
20.672462463378906
20.672847747802734
20.673234939575195
20.673620223999023
20.67400550842285
20.674386978149414
20.674768447875977
20.675148010253906
20.675527572631836
20.6759033203125
20.676279067993164
20.676654815673828
20.67702865600586
20.677398681640625
20.67776870727539
20.67813491821289
20.678497314453125
20.67885971069336
20.67922019958496
20.679582595825195
20.679941177368164
20.6802978515625
20.680654525756836
20.681011199951172
20.681364059448242
20.68171501159668
20.68206787109375
20.682418823242188
20.682767868041992
20.683115005493164
20.683462142944336
20.683807373046875
20.684154510498047
20.68449592590332
20.684839248657227
20.6851806640625
20.68552017211914
20.68585205078125
20.68618392944336
20.68651580810547
20.686847686767578
20.687177658081055
20.687503814697266
20.68783187866211
20.68815803527832
20.688486099243164
20.68880844116211
20.689130783081055
20.689453125
20.689775466918945
20.690093994140625
20.690412521362305
20.69072914123535
20.69104766845703
20.691364288330078
20.691679000854492
20.691991806030273
20.692304611206055
20.692617416381836
20.692928314208984
20.6932373046875
20.693544387817383
20.693851470947266
20.69416046142578
20.69446563720703
20.694766998291016
20.695070266723633
20.69537353515625
20.695674896240234
20.69597625732422
20.696273803710938
20.696571350097656
20.696868896484375
20.697168350219727
20.697460174560547
20.69775390625
20.69804573059082
20.698339462280273
20.698633193969727
20.69892120361328
20.699209213256836
20.69949722290039
20.699785232543945
20.7000732421875
20.700355529785156
20.700639724731445
20.700918197631836
20.701196670532227
20.701473236083984
20.70174789428711
20.7020206451416
20.702295303344727
20.70256805419922
20.70284080505371
20.70311164855957
20.703380584716797
20.703649520874023
20.70391845703125
20.704187393188477
20.70445442199707
20.70471954345703
20.70498275756836
20.705245971679688
20.705509185791016
20.705774307250977
20.706035614013672
20.7062931060791
20.706552505493164
20.706811904907227
20.707069396972656
20.70732879638672
20.707582473754883
20.707836151123047
20.70808982849121
20.708343505859375
20.708599090576172
20.708852767944336
20.7091007232666
20.7093505859375
20.709598541259766
20.70984649658203
20.71009063720703
20.71033477783203
20.710573196411133
20.710811614990234
20.71105194091797
20.71129035949707
20.711530685424805
20.711769104003906
20.712003707885742
20.712238311767578
20.712472915649414
20.71270751953125
20.712942123413086
20.713176727294922
20.713407516479492
20.71363639831543
20.7138671875
20.714096069335938
20.714324951171875
20.714555740356445
20.71478271484375
20.715007781982422
20.71523094177246
20.715456008911133
20.715681076049805
20.715906143188477
20.716129302978516
20.716350555419922
20.716569900512695
20.71678924560547
20.717008590698242
20.717227935791016
20.717449188232422
20.71766471862793
20.717880249023438
20.718095779418945
a
-0.9000778198242188
-0.9006500244140625
-0.9009361267089844
-0.9011268615722656
-0.9009361267089844
-0.901031494140625
-0.9007453918457031
-0.9002685546875
-0.8998870849609375
-0.8993148803710938
-0.8985519409179688
-0.8976936340332031
-0.8968353271484375
-0.8960723876953125
-0.8947372436523438
-0.8936882019042969
-0.8924484252929688
-0.8913993835449219
-0.8898735046386719
-0.8885383605957031
-0.887298583984375
-0.8858680725097656
-0.8841514587402344
-0.882720947265625
-0.8810997009277344
-0.8793830871582031
-0.8776664733886719
-0.8758544921875
-0.8740425109863281
-0.8723258972167969
-0.870513916015625
-0.8686065673828125
-0.86669921875
-0.8646011352539062
-0.8626937866210938
-0.8606910705566406
-0.8586883544921875
-0.856781005859375
-0.8548736572265625
-0.8526802062988281
-0.8505821228027344
-0.8484840393066406
-0.8462905883789062
-0.8442878723144531
-0.8419990539550781
-0.839996337890625
-0.8378982543945312
-0.8357048034667969
-0.8336067199707031
-0.8313179016113281
-0.8290290832519531
-0.8272171020507812
-0.8248329162597656
-0.8226394653320312
-0.8205413818359375
-0.8180618286132812
-0.8160591125488281
-0.8138656616210938
-0.8116722106933594
-0.8092880249023438
-0.8072853088378906
-0.804901123046875
-0.8028984069824219
-0.8005142211914062
-0.7983207702636719
-0.7961273193359375
-0.7939338684082031
-0.7916450500488281
-0.7895469665527344
-0.787353515625
-0.785064697265625
-0.7829666137695312
-0.7805824279785156
-0.7785797119140625
-0.7762908935546875
-0.7740974426269531
-0.7719039916992188
-0.769805908203125
-0.7674217224121094
-0.7654190063476562
-0.7630348205566406
-0.7611274719238281
-0.7587432861328125
-0.7566452026367188
-0.7544517517089844
-0.7523536682128906
-0.7500648498535156
-0.7480621337890625
-0.7458686828613281
-0.7437705993652344
-0.7415771484375
-0.7394790649414062
-0.7373809814453125
-0.7350921630859375
-0.7330894470214844
-0.7309913635253906
-0.7287979125976562
-0.7266044616699219
-0.72479248046875
-0.722503662109375
-0.7205963134765625
-0.7182121276855469
-0.716400146484375
-0.7142066955566406
-0.7121086120605469
-0.7101058959960938
-0.7079124450683594
-0.7060050964355469
-0.7040023803710938
-0.701904296875
-0.6998062133789062
-0.6978988647460938
-0.6958961486816406
-0.6937980651855469
-0.6916999816894531
-0.689697265625
-0.6877899169921875
-0.6856918334960938
-0.6836891174316406
-0.6818771362304688
-0.679779052734375
-0.6777763366699219
-0.6757736206054688
-0.6739616394042969
-0.6717681884765625
-0.66986083984375
-0.6681442260742188
-0.6659507751464844
-0.6642341613769531
-0.6621360778808594
-0.6602287292480469
-0.6582260131835938
-0.6565093994140625
-0.6544113159179688
-0.6525993347167969
-0.6505966186523438
-0.6487846374511719
-0.6468772888183594
-0.6450653076171875
-0.643157958984375
-0.6410598754882812
-0.6394386291503906
-0.6374359130859375
-0.6356239318847656
-0.6338119506835938
-0.6319999694824219
-0.6300926208496094
-0.6281852722167969
-0.6264686584472656
-0.6245613098144531
-0.6227493286132812
-0.6209373474121094
-0.6191253662109375
-0.6173133850097656
-0.6155014038085938
-0.6137847900390625
-0.6120681762695312
-0.6101608276367188
-0.6084442138671875
-0.606536865234375
-0.6047248840332031
-0.6031036376953125
-0.6012916564941406
-0.5995750427246094
-0.5979537963867188
-0.5960464477539062
-0.594329833984375
-0.5927085876464844
-0.5908012390136719
-0.5891799926757812
-0.58746337890625
-0.5856513977050781
-0.5840301513671875
-0.582122802734375
-0.580596923828125
-0.5786895751953125
-0.5771636962890625
-0.5754470825195312
-0.5738258361816406
-0.57220458984375
-0.5703926086425781
-0.5685806274414062
-0.5671501159667969
-0.5654335021972656
-0.563812255859375
-0.5620956420898438
-0.5606651306152344
-0.5587577819824219
-0.5571365356445312
-0.5558013916015625
-0.5539894104003906
-0.5523681640625
-0.5506515502929688
-0.5492210388183594
-0.5474090576171875
-0.5459785461425781
-0.5442619323730469
-0.5427360534667969
-0.5411148071289062
-0.5395889282226562
-0.5380630493164062
-0.5362510681152344
-0.5349159240722656
-0.5331039428710938
-0.5318641662597656
-0.5301475524902344
-0.528717041015625
-0.5270957946777344
-0.5253791809082031
-0.5240440368652344
-0.5223274230957031
-0.5209922790527344
-0.5193710327148438
-0.5179405212402344
-0.516510009765625
-0.5147933959960938
-0.5133628845214844
-0.511932373046875
-0.5103111267089844
-0.5089759826660156
-0.5071640014648438
-0.5060195922851562
-0.5042076110839844
-0.5030632019042969
-0.5013465881347656
-0.5000114440917969
-0.4984855651855469
-0.4971504211425781
-0.4955291748046875
-0.4942893981933594
-0.49266815185546875
-0.4914283752441406
-0.48980712890625
-0.48847198486328125
-0.4871368408203125
-0.4855155944824219
-0.48427581787109375
-0.4826545715332031
-0.4813194274902344
-0.479888916015625
-0.47855377197265625
-0.4771232604980469
-0.4755973815917969
-0.47435760498046875
-0.4729270935058594
-0.4714012145996094
-0.4702568054199219
-0.46863555908203125
-0.46749114990234375
-0.46596527099609375
-0.464630126953125
-0.4631996154785156
-0.4620552062988281
-0.4605293273925781
-0.4593849182128906
-0.4578590393066406
-0.4565238952636719
-0.4553794860839844
-0.4538536071777344
-0.45261383056640625
-0.4511833190917969
-0.44994354248046875
-0.4486083984375
-0.44727325439453125
-0.4459381103515625
-0.4446983337402344
-0.4433631896972656
-0.4420280456542969
-0.44078826904296875
-0.4393577575683594
-0.4382133483886719
-0.43697357177734375
-0.4355430603027344
-0.4345893859863281
-0.4328727722167969
-0.4319190979003906
-0.43048858642578125
-0.4292488098144531
-0.4281044006347656
-0.42667388916015625
-0.42552947998046875
-0.42438507080078125
-0.4229545593261719
-0.42171478271484375
-0.4206657409667969
-0.4192352294921875
-0.41790008544921875
-0.4170417785644531
-0.41561126708984375
-0.4143714904785156
-0.4131317138671875
-0.4119873046875
-0.4109382629394531
-0.40950775146484375
-0.40836334228515625
-0.4071235656738281
-0.4059791564941406
-0.40493011474609375
-0.4034996032714844
-0.40264129638671875
-0.40111541748046875
-0.3998756408691406
-0.3989219665527344
-0.3977775573730469
-0.3964424133300781
-0.3954887390136719
-0.3941535949707031
-0.39310455322265625
-0.39196014404296875
-0.3909111022949219
-0.3895759582519531
-0.3884315490722656
-0.3874778747558594
-0.38623809814453125
-0.3849983215332031
-0.3840446472167969
-0.3827095031738281
-0.3815650939941406
-0.3806114196777344
-0.3795623779296875
-0.37841796875
-0.3773689270019531
-0.376129150390625
-0.3749847412109375
-0.3739356994628906
-0.3727912902832031
-0.3718376159667969
-0.3706932067871094
-0.3696441650390625
-0.3684043884277344
-0.3674507141113281
-0.36640167236328125
-0.3653526306152344
-0.3640174865722656
-0.3631591796875
-0.3623008728027344
-0.360870361328125
-0.35991668701171875
-0.3590583801269531
-0.3577232360839844
-0.3566741943359375
-0.3559112548828125
-0.3546714782714844
-0.3536224365234375
-0.35266876220703125
-0.35152435302734375
-0.3505706787109375
-0.3495216369628906
-0.34847259521484375
-0.3476142883300781
-0.3462791442871094
-0.34542083740234375
-0.3445625305175781
-0.3434181213378906
-0.34236907958984375
-0.3415107727050781
-0.34046173095703125
-0.33931732177734375
-0.3383636474609375
-0.3376960754394531
-0.336456298828125
-0.3354072570800781
-0.3346443176269531
-0.3334999084472656
-0.33245086669921875
-0.3315925598144531
-0.33054351806640625
-0.32958984375
-0.32863616943359375
-0.3277778625488281
-0.32672882080078125
-0.325775146484375
-0.32482147216796875
-0.3238677978515625
-0.3230094909667969
-0.3220558166503906
-0.3209114074707031
-0.3200531005859375
-0.3193855285644531
-0.31795501708984375
-0.3172874450683594
-0.3163337707519531
-0.3154754638671875
-0.3143310546875
-0.313568115234375
-0.31280517578125
-0.3116607666015625
-0.31070709228515625
-0.30994415283203125
-0.308990478515625
-0.3081321716308594
-0.3070831298828125
-0.3063201904296875
-0.30536651611328125
-0.30460357666015625
-0.3035545349121094
-0.3026008605957031
-0.30193328857421875
-0.3009796142578125
-0.2999305725097656
-0.299072265625
-0.2984046936035156
-0.2974510192871094
-0.2964019775390625
-0.2956390380859375
-0.2948760986328125
-0.2942085266113281
-0.29296875
-0.2923011779785156
-0.29144287109375
-0.290679931640625
-0.2895355224609375
-0.2887725830078125
-0.2881050109863281
-0.2871513366699219
-0.286102294921875
-0.28553009033203125
-0.28476715087890625
-0.2838134765625
-0.2829551696777344
-0.28209686279296875
-0.28133392333984375
-0.2804756164550781
-0.27980804443359375
-0.2787590026855469
-0.2779960632324219
-0.2772331237792969
-0.2764701843261719
-0.27561187744140625
-0.274658203125
-0.273895263671875
-0.2732276916503906
-0.2724647521972656
-0.27141571044921875
-0.2707481384277344
-0.2699851989746094
-0.2694129943847656
-0.2682685852050781
-0.2675056457519531
-0.26683807373046875
-0.266265869140625
-0.2652168273925781
-0.2642631530761719
-0.2636909484863281
-0.26302337646484375
-0.2621650695800781
-0.2613067626953125
-0.2606391906738281
-0.2598762512207031
-0.2590179443359375
-0.25844573974609375
-0.2573966979980469
-0.25691986083984375
-0.2560615539550781
-0.2552032470703125
-0.25482177734375
-0.2537727355957031
-0.2530097961425781
-0.25234222412109375
-0.25157928466796875
-0.2511024475097656
-0.2501487731933594
-0.24929046630859375
-0.24862289428710938
-0.24805068969726562
-0.24728775024414062
-0.24623870849609375
-0.24576187133789062
-0.24499893188476562
-0.24442672729492188
-0.24356842041015625
-0.24280548095703125
-0.24204254150390625
-0.24156570434570312
-0.24089813232421875
-0.2399444580078125
-0.23927688598632812
-0.23860931396484375
-0.238037109375
-0.23736953735351562
-0.23651123046875
-0.235748291015625
-0.23527145385742188
-0.23441314697265625
-0.2338409423828125
-0.2330780029296875
-0.2323150634765625
-0.23183822631835938
-0.23107528686523438
-0.23031234741210938
-0.229644775390625
-0.22897720336914062
-0.22821426391601562
-0.22735595703125
-0.22668838500976562
-0.22602081298828125
-0.22516250610351562
-0.22449493408203125
-0.22363662719726562
-0.22287368774414062
-0.22230148315429688
-0.22153854370117188
-0.22077560424804688
-0.21982192993164062
-0.21915435791015625
-0.21829605102539062
-0.2178192138671875
-0.2170562744140625
-0.215911865234375
-0.21524429321289062
-0.21457672119140625
-0.21390914916992188
-0.2132415771484375
-0.21228790283203125
-0.21123886108398438
-0.21076202392578125
-0.21009445190429688
-0.20933151245117188
-0.20847320556640625
-0.20761489868164062
-0.20694732666015625
-0.20618438720703125
-0.20551681518554688
-0.20475387573242188
-0.20399093627929688
-0.20294189453125
-0.20246505737304688
-0.20170211791992188
-0.20112991333007812
-0.20017623901367188
-0.19960403442382812
-0.19865036010742188
-0.19807815551757812
-0.19731521606445312
-0.19655227661132812
-0.19578933715820312
-0.19521713256835938
-0.19435882568359375
-0.19359588623046875
-0.193023681640625
-0.19207000732421875
-0.19159317016601562
-0.19073486328125
-0.1903533935546875
-0.18930435180664062
-0.18873214721679688
-0.18787384033203125
-0.18720626831054688
-0.18663406372070312
-0.18606185913085938
-0.18529891967773438
-0.18444061279296875
-0.18377304077148438
-0.18310546875
-0.18243789672851562
-0.18186569213867188
-0.18129348754882812
-0.1804351806640625
-0.17957687377929688
-0.1789093017578125
-0.17843246459960938
-0.17786026000976562
-0.17709732055664062
-0.1766204833984375
-0.17557144165039062
-0.17490386962890625
-0.17442703247070312
-0.17366409301757812
-0.17328262329101562
-0.17271041870117188
-0.17185211181640625
-0.17099380493164062
-0.17061233520507812
-0.1697540283203125
-0.16927719116210938
-0.16889572143554688
-0.16803741455078125
-0.16736984252929688
-0.16660690307617188
-0.16603469848632812
-0.16546249389648438
-0.16489028930664062
-0.1644134521484375
-0.1636505126953125
-0.16298294067382812
-0.16241073608398438
-0.1617431640625
-0.16126632690429688
-0.1605987548828125
-0.16002655029296875
-0.15926361083984375
-0.15888214111328125
-0.1583099365234375
-0.1575469970703125
-0.15687942504882812
-0.156402587890625
-0.15583038330078125
-0.15516281127929688
-0.15468597412109375
-0.15420913696289062
-0.15363693237304688
-0.1529693603515625
-0.15249252319335938
-0.15172958374023438
-0.15106201171875
-0.15058517456054688
-0.15001296997070312
-0.1495361328125
-0.14905929565429688
-0.14829635620117188
-0.14781951904296875
-0.14734268188476562
-0.14657974243164062
-0.1461029052734375
-0.14562606811523438
-0.14514923095703125
-0.14467239379882812
-0.14410018920898438
-0.1434326171875
-0.14276504516601562
-0.14219284057617188
-0.14171600341796875
-0.14123916625976562
-0.14095306396484375
-0.14047622680664062
-0.1399993896484375
-0.1392364501953125
-0.13875961303710938
-0.13799667358398438
-0.13761520385742188
-0.13704299926757812
-0.13666152954101562
-0.1361846923828125
-0.13589859008789062
-0.13532638549804688
-0.13456344604492188
-0.1338958740234375
-0.13341903686523438
-0.13294219970703125
-0.13265609741210938
-0.13217926025390625
-0.13179779052734375
-0.1312255859375
-0.13055801391601562
-0.13017654418945312
-0.12950897216796875
-0.12903213500976562
-0.1285552978515625
-0.128173828125
-0.1277923583984375
-0.12731552124023438
-0.12683868408203125
-0.12645721435546875
-0.12578964233398438
-0.1251220703125
-0.12464523315429688
-0.12445449829101562
-0.12388229370117188
-0.12340545654296875
-0.12311935424804688
-0.12273788452148438
-0.1220703125
-0.1216888427734375
-0.12111663818359375
-0.12044906616210938
-0.12025833129882812
-0.119781494140625
-0.11930465698242188
-0.1190185546875
-0.11854171752929688
-0.11806488037109375
-0.11758804321289062
-0.11701583862304688
-0.11682510375976562
-0.11606216430664062
-0.11577606201171875
-0.11529922485351562
-0.11491775512695312
-0.11463165283203125
-0.11415481567382812
-0.11358261108398438
-0.11320114135742188
-0.11281967163085938
-0.11243820190429688
-0.11186599731445312
-0.11148452758789062
-0.11110305786132812
-0.11072158813476562
-0.11034011840820312
-0.10995864868164062
-0.10938644409179688
-0.10900497436523438
-0.10862350463867188
-0.10833740234375
-0.10786056518554688
-0.107574462890625
-0.10690689086914062
-0.10652542114257812
-0.10623931884765625
-0.10585784912109375
-0.10547637939453125
-0.10480880737304688
-0.10461807250976562
-0.10423660278320312
-0.10395050048828125
-0.10347366333007812
-0.10318756103515625
-0.10271072387695312
-0.10223388671875
-0.10194778442382812
-0.10156631469726562
-0.10099411010742188
-0.1007080078125
-0.10042190551757812
-0.099945068359375
-0.0995635986328125
-0.09927749633789062
-0.09899139404296875
-0.09860992431640625
-0.09813308715820312
-0.09784698486328125
-0.09737014770507812
-0.096893310546875
-0.09660720825195312
-0.09622573852539062
-0.0957489013671875
-0.09565353393554688
-0.09517669677734375
-0.0949859619140625
-0.0946044921875
-0.09431838989257812
-0.09403228759765625
-0.0934600830078125
-0.09317398071289062
-0.0926971435546875
-0.09222030639648438
-0.0919342041015625
-0.09164810180664062
-0.09136199951171875
-0.09107589721679688
-0.09069442749023438
-0.0904083251953125
-0.09012222290039062
-0.08983612060546875
-0.08945465087890625
-0.089263916015625
-0.08859634399414062
-0.0881195068359375
-0.08783340454101562
-0.08745193481445312
-0.0873565673828125
-0.08697509765625
-0.08668899536132812
-0.08640289306640625
-0.08611679077148438
-0.08573532104492188
-0.08563995361328125
-0.08516311645507812
-0.08497238159179688
-0.08449554443359375
-0.08382797241210938
-0.08363723754882812
-0.08335113525390625
-0.083160400390625
-0.0827789306640625
-0.08249282836914062
-0.08230209350585938
-0.08192062377929688
-0.081634521484375
-0.08144378662109375
-0.08115768432617188
-0.08096694946289062
-0.0804901123046875
-0.08020401000976562
-0.07982254028320312
-0.079345703125
-0.07905960083007812
-0.07867813110351562
-0.07848739624023438
-0.07829666137695312
-0.07801055908203125
-0.07772445678710938
-0.07753372192382812
-0.07724761962890625
-0.07686614990234375
-0.0766754150390625
-0.07648468017578125
-0.07610321044921875
-0.07572174072265625
-0.07543563842773438
-0.07505416870117188
-0.07467269897460938
-0.07448196411132812
-0.07429122924804688
-0.07390975952148438
-0.07371902465820312
-0.07352828979492188
-0.0732421875
-0.07295608520507812
-0.07276535034179688
-0.07257461547851562
-0.07219314575195312
-0.07200241088867188
-0.07162094116210938
-0.07123947143554688
-0.07104873657226562
-0.07076263427734375
-0.07047653198242188
-0.07009506225585938
-0.0698089599609375
-0.06952285766601562
-0.069427490234375
-0.0690460205078125
-0.06885528564453125
-0.06875991821289062
-0.06847381591796875
-0.06818771362304688
-0.06799697875976562
-0.06780624389648438
-0.06723403930664062
-0.06704330444335938
-0.06685256958007812
-0.06666183471679688
-0.066375732421875
-0.06618499755859375
-0.06580352783203125
-0.06542205810546875
-0.06532669067382812
-0.06504058837890625
-0.064849853515625
-0.06456375122070312
-0.0644683837890625
-0.06418228149414062
-0.06399154663085938
-0.0637054443359375
-0.06341934204101562
-0.06322860717773438
-0.0629425048828125
-0.06256103515625
-0.06256103515625
-0.0621795654296875
-0.062084197998046875
-0.061702728271484375
-0.061702728271484375
-0.06122589111328125
-0.060939788818359375
-0.060749053955078125
-0.060558319091796875
-0.060367584228515625
-0.060176849365234375
-0.0598907470703125
-0.059795379638671875
-0.059604644775390625
-0.05931854248046875
-0.059223175048828125
-0.058746337890625
-0.05855560302734375
-0.0583648681640625
-0.058078765869140625
-0.0579833984375
-0.05779266357421875
-0.0576019287109375
-0.057315826416015625
-0.057125091552734375
-0.05702972412109375
-0.056552886962890625
-0.056362152099609375
-0.056171417236328125
-0.05588531494140625
-0.055789947509765625
-0.055694580078125
-0.055408477783203125
-0.05512237548828125
-0.05512237548828125
-0.054931640625
-0.054454803466796875
-0.054168701171875
-0.054073333740234375
-0.05397796630859375
-0.053691864013671875
-0.053501129150390625
-0.053310394287109375
-0.05321502685546875
-0.0530242919921875
-0.05283355712890625
-0.052547454833984375
-0.052547454833984375
-0.05207061767578125
-0.0518798828125
-0.051784515380859375
-0.0514984130859375
-0.051403045654296875
-0.051116943359375
-0.051116943359375
-0.0507354736328125
-0.050640106201171875
-0.050449371337890625
-0.050067901611328125
-0.049877166748046875
-0.04978179931640625
-0.049591064453125
-0.04940032958984375
-0.04940032958984375
-0.04901885986328125
-0.048923492431640625
-0.048828125
-0.04863739013671875
-0.0484466552734375
-0.048351287841796875
-0.048065185546875
-0.047969818115234375
-0.04787445068359375
-0.047397613525390625
-0.047206878662109375
-0.04711151123046875
-0.0469207763671875
-0.04673004150390625
-0.046634674072265625
-0.04634857177734375
-0.046253204345703125
-0.04596710205078125
-0.0457763671875
-0.04558563232421875
-0.045490264892578125
-0.04520416259765625
-0.04520416259765625
-0.044918060302734375
-0.044918060302734375
-0.044727325439453125
-0.044536590576171875
-0.04444122314453125
-0.044155120849609375
-0.04405975341796875
-0.043964385986328125
-0.043773651123046875
-0.043773651123046875
-0.043392181396484375
-0.043392181396484375
-0.043201446533203125
-0.042724609375
-0.042724609375
-0.042438507080078125
-0.0423431396484375
-0.042247772216796875
-0.04215240478515625
-0.041866302490234375
-0.041484832763671875
-0.041484832763671875
-0.041294097900390625
-0.041103363037109375
-0.04100799560546875
-0.040912628173828125
-0.0408172607421875
-0.04062652587890625
-0.040531158447265625
-0.04024505615234375
-0.040340423583984375
-0.0400543212890625
-0.039958953857421875
-0.03986358642578125
-0.0396728515625
-0.03948211669921875
-0.03948211669921875
-0.0392913818359375
-0.03910064697265625
-0.039005279541015625
-0.038814544677734375
-0.038814544677734375
-0.038623809814453125
-0.038433074951171875
-0.038051605224609375
-0.03795623779296875
-0.037860870361328125
-0.0377655029296875
-0.037288665771484375
-0.037288665771484375
-0.037097930908203125
-0.0370025634765625
-0.03681182861328125
-0.03681182861328125
-0.03662109375
-0.03643035888671875
-0.03643035888671875
-0.0362396240234375
-0.036144256591796875
-0.035953521728515625
-0.035953521728515625
-0.035762786865234375
-0.03566741943359375
-0.0354766845703125
-0.035381317138671875
-0.035381317138671875
-0.035190582275390625
-0.035190582275390625
-0.03490447998046875
-0.03490447998046875
-0.034618377685546875
-0.0347137451171875
-0.034427642822265625
-0.034427642822265625
-0.03414154052734375
-0.034236907958984375
-0.0339508056640625
-0.03376007080078125
-0.033473968505859375
-0.033473968505859375
-0.03299713134765625
-0.03299713134765625
-0.032806396484375
-0.032711029052734375
-0.032711029052734375
-0.032520294189453125
-0.0324249267578125
-0.0324249267578125
-0.032138824462890625
-0.032138824462890625
-0.031948089599609375
-0.03204345703125
-0.031757354736328125
-0.0316619873046875
-0.031566619873046875
-0.03147125244140625
-0.031375885009765625
-0.031280517578125
-0.03108978271484375
-0.030994415283203125
-0.030994415283203125
-0.030803680419921875
3.4
3.081381320953369
3.063023090362549
3.047001361846924
3.032970428466797
3.0206799507141113
3.009772300720215
3.0001282691955566
2.991485595703125
2.9837489128112793
2.9767394065856934
2.9703736305236816
2.9645442962646484
2.9591798782348633
2.9541969299316406
2.9495716094970703
2.9451608657836914
2.9410839080810547
2.937197685241699
2.933502197265625
2.9299497604370117
2.9265403747558594
2.9232025146484375
2.9200315475463867
2.9169082641601562
2.9138803482055664
2.9108762741088867
2.9079675674438477
2.905130386352539
2.9067516326904297
2.899789810180664
2.896714210510254
2.893853187561035
2.890920639038086
2.8881072998046875
2.885270118713379
2.8824806213378906
2.879667282104492
2.876925468444824
2.8741836547851562
2.8708696365356445
2.8666019439697266
2.8614282608032227
2.8554916381835938
2.848982810974121
2.841830253601074
2.8342485427856445
2.826237678527832
2.817869186401367
2.8092145919799805
2.800273895263672
2.791142463684082
2.7817726135253906
2.7722835540771484
2.762603759765625
2.752828598022461
2.7429580688476562
2.733016014099121
2.7230262756347656
2.7129173278808594
2.7028322219848633
2.692723274230957
2.68251895904541
2.6723384857177734
2.6621580123901367
2.6519775390625
2.6417970657348633
2.6316165924072266
2.62143611907959
2.611255645751953
2.601170539855957
2.5910139083862305
2.5809526443481445
2.570819854736328
2.5608301162719727
2.550792694091797
2.5408029556274414
2.530837059020996
2.5209665298461914
2.511000633239746
2.5011539459228516
2.4913549423217773
2.4815797805786133
2.4718284606933594
2.4621009826660156
2.452421188354492
2.4427413940429688
2.433156967163086
2.423572540283203
2.4140357971191406
2.404451370239258
2.3950576782226562
2.3856163024902344
2.3761749267578125
2.3668766021728516
2.3575305938720703
2.3482322692871094
2.3389816284179688
2.3297786712646484
2.3206233978271484
2.3115158081054688
2.302408218383789
2.2933006286621094
2.2843360900878906
2.2753238677978516
2.266359329223633
2.2574424743652344
2.2485733032226562
2.239704132080078
2.2309303283691406
2.222108840942383
2.213430404663086
2.2047042846679688
2.196073532104492
2.187347412109375
2.1788597106933594
2.170228958129883
2.161693572998047
2.1532058715820312
2.144765853881836
2.1363258361816406
2.1279335021972656
2.119588851928711
2.1112918853759766
2.102994918823242
2.094745635986328
2.086496353149414
2.0783424377441406
2.070140838623047
2.062082290649414
2.053976058959961
2.045917510986328
2.0378589630126953
2.0299434661865234
2.0220279693603516
2.014017105102539
2.006101608276367
1.9983768463134766
1.9904613494873047
1.9825935363769531
1.9748687744140625
1.9671440124511719
1.9595146179199219
1.9516944885253906
1.9441604614257812
1.9365310668945312
1.9289493560791016
1.9213676452636719
1.9139766693115234
1.9063949584960938
1.898956298828125
1.891469955444336
1.8841743469238281
1.8768310546875
1.869344711303711
1.8620967864990234
1.854848861694336
1.8476486206054688
1.8403053283691406
1.8331527709960938
1.8260478973388672
1.818990707397461
1.8117427825927734
1.8047332763671875
1.7977714538574219
1.7906665802001953
1.7837047576904297
1.776885986328125
1.7697334289550781
1.7629146575927734
1.7560482025146484
1.7491817474365234
1.7423629760742188
1.735544204711914
1.7288684844970703
1.7221450805664062
1.715230941772461
1.7086982727050781
1.7020225524902344
1.695394515991211
1.6887664794921875
1.6822338104248047
1.6756534576416016
1.669168472290039
1.6626834869384766
1.656198501586914
1.6498088836669922
1.64337158203125
1.6369342803955078
1.630544662475586
1.6242027282714844
1.6179561614990234
1.6115665435791016
1.6053199768066406
1.59912109375
1.5929222106933594
1.5866756439208984
1.5805721282958984
1.5743732452392578
1.5683174133300781
1.5621662139892578
1.5560626983642578
1.5500545501708984
1.5439987182617188
1.5379905700683594
1.532125473022461
1.5261650085449219
1.5201568603515625
1.5143871307373047
1.5084266662597656
1.5026569366455078
1.4966964721679688
1.4909744262695312
1.4851570129394531
1.4794349670410156
1.4736652374267578
1.4679908752441406
1.4622688293457031
1.456594467163086
1.4510154724121094
1.4453411102294922
1.4397621154785156
1.4341354370117188
1.4286041259765625
1.423025131225586
1.4174938201904297
1.4121055603027344
1.4064788818359375
1.4011383056640625
1.3957500457763672
1.3902664184570312
1.384878158569336
1.379537582397461
1.3742446899414062
1.368856430053711
1.3635635375976562
1.3583660125732422
1.3530731201171875
1.3478279113769531
1.3425350189208984
1.3374805450439453
1.3321876525878906
1.3272285461425781
1.322031021118164
1.3167381286621094
1.3117313385009766
1.3066291809082031
1.301717758178711
1.2966156005859375
1.2917041778564453
1.2866497039794922
1.28173828125
1.2766838073730469
1.2717247009277344
1.2668609619140625
1.2619495391845703
1.2571334838867188
1.2522220611572266
1.2473583221435547
1.2425422668457031
1.2378692626953125
1.2330055236816406
1.2282848358154297
1.2235164642333984
1.2187957763671875
1.2141227722167969
1.209402084350586
1.2047767639160156
1.200103759765625
1.1954784393310547
1.1908531188964844
1.186227798461914
1.1816978454589844
1.1771202087402344
1.1725425720214844
1.1680126190185547
1.1636734008789062
1.1590957641601562
1.1546611785888672
1.1502265930175781
1.1456966400146484
1.141357421875
1.1368751525878906
1.1325359344482422
1.1281967163085938
1.1239051818847656
1.1196613311767578
1.1151790618896484
1.1108875274658203
1.1066913604736328
1.1023998260498047
1.0982036590576172
1.0939598083496094
1.089620590209961
1.085519790649414
1.0814189910888672
1.0772228240966797
1.0730743408203125
1.0688304901123047
1.0648727416992188
1.0607242584228516
1.0565757751464844
1.0525703430175781
1.0485649108886719
1.0445117950439453
1.0404586791992188
1.0364532470703125
1.0325431823730469
1.0284900665283203
1.0245800018310547
1.0206222534179688
1.0167598724365234
1.0128021240234375
1.0088920593261719
1.0050296783447266
1.0011672973632812
0.9973526000976562
0.9934902191162109
0.9897232055664062
0.9859085083007812
0.9821414947509766
0.9783744812011719
0.9745597839355469
0.9708881378173828
0.9670734405517578
0.9634494781494141
0.9597301483154297
0.9559154510498047
0.9523868560791016
0.9487628936767578
0.9450912475585938
0.9414196014404297
0.9377956390380859
0.9342670440673828
0.9305953979492188
0.9270668029785156
0.9235382080078125
0.9199619293212891
0.9164810180664062
0.9129047393798828
0.909423828125
0.9058952331542969
0.9024620056152344
0.8990287780761719
0.8955001831054688
0.8921623229980469
0.888824462890625
0.8852005004882812
0.8819580078125
0.8785247802734375
0.8751869201660156
0.8717536926269531
0.8685111999511719
0.8650779724121094
0.8619308471679688
0.8584976196289062
0.855255126953125
0.8521080017089844
0.8486747741699219
0.8454322814941406
0.8421897888183594
0.8390426635742188
0.8358001708984375
0.8326530456542969
0.8294105529785156
0.826263427734375
0.8230209350585938
0.8198738098144531
0.8168220520019531
0.8135795593261719
0.8106231689453125
0.8074760437011719
0.8043289184570312
0.8012771606445312
0.7982254028320312
0.7952690124511719
0.7921218872070312
0.7890701293945312
0.7860183715820312
0.7830619812011719
0.7801055908203125
0.7771492004394531
0.7741928100585938
0.7712364196777344
0.7681846618652344
0.765228271484375
0.7624626159667969
0.7594108581542969
0.7564544677734375
0.7536888122558594
0.750732421875
0.7479667663574219
0.7450103759765625
0.7421493530273438
0.7393836975097656
0.7365226745605469
0.7337570190429688
0.73089599609375
0.7280349731445312
0.7253646850585938
0.7225990295410156
0.7198333740234375
0.7169723510742188
0.7143020629882812
0.7116317749023438
0.7089614868164062
0.7061958312988281
0.70343017578125
0.7008552551269531
0.6979942321777344
0.6955146789550781
0.6928443908691406
0.6901741027832031
0.6875038146972656
0.6849288940429688
0.6822586059570312
0.679779052734375
0.6770133972167969
0.6745338439941406
0.6718635559082031
0.6693840026855469
0.66680908203125
0.6642341613769531
0.6617546081542969
0.6591796875
0.6567955017089844
0.6542205810546875
0.6517410278320312
0.649261474609375
0.6466865539550781
0.6442070007324219
0.6418228149414062
0.63934326171875
0.6369590759277344
0.6344795227050781
0.6320953369140625
0.6298065185546875
0.6272315979003906
0.6249427795410156
0.62255859375
0.6201744079589844
0.6178855895996094
0.6154060363769531
0.6130218505859375
0.6108283996582031
0.6084442138671875
0.6061553955078125
0.6037712097167969
0.6015777587890625
0.5991935729980469
0.5969047546386719
0.5946159362792969
0.5924224853515625
0.5901336669921875
0.5878448486328125
0.5856513977050781
0.5833625793457031
0.5810737609863281
0.579071044921875
0.5767822265625
0.574493408203125
0.5723953247070312
0.5702018737792969
0.5679130554199219
0.5658149719238281
0.5637168884277344
0.5616188049316406
0.5594253540039062
0.5573272705078125
0.5551338195800781
0.553131103515625
0.5509376525878906
0.5488395690917969
0.5468368530273438
0.54473876953125
0.5426406860351562
0.5405426025390625
0.5384445190429688
0.5364418029785156
0.5343437194824219
0.5323410034179688
0.5303382873535156
0.5284309387207031
0.5263328552246094
0.5243301391601562
0.5223274230957031
0.52032470703125
0.5184173583984375
0.5164146423339844
0.5145072937011719
0.5124092102050781
0.5105018615722656
0.5085945129394531
0.5067825317382812
0.5046844482421875
0.502777099609375
0.5008697509765625
0.49896240234375
0.4970550537109375
0.495147705078125
0.4933357238769531
0.49152374267578125
0.48961639404296875
0.4876136779785156
0.4858970642089844
0.4840850830078125
0.482177734375
0.4802703857421875
0.4786491394042969
0.4767417907714844
0.4749298095703125
0.4730224609375
0.47130584716796875
0.4695892333984375
0.467681884765625
0.46596527099609375
0.4642486572265625
0.46234130859375
0.4607200622558594
0.4589080810546875
0.45719146728515625
0.4553794860839844
0.45375823974609375
0.4520416259765625
0.4502296447753906
0.4485130310058594
0.44689178466796875
0.4451751708984375
0.44345855712890625
0.441741943359375
0.4401206970214844
0.4383087158203125
0.4367828369140625
0.4351615905761719
0.4334449768066406
0.4317283630371094
0.43010711669921875
0.4284858703613281
0.4268646240234375
0.4252433776855469
0.4237174987792969
0.42209625244140625
0.4204750061035156
0.4187583923339844
0.417327880859375
0.4157066345214844
0.41408538818359375
0.4126548767089844
0.4109382629394531
0.40950775146484375
0.4078865051269531
0.4062652587890625
0.4048347473144531
0.4033088684082031
0.4016876220703125
0.4001617431640625
0.3987312316894531
0.3971099853515625
0.3956794738769531
0.3941535949707031
0.3926277160644531
0.39119720458984375
0.3895759582519531
0.3882408142089844
0.3867149353027344
0.385284423828125
0.383758544921875
0.3823280334472656
0.3809928894042969
0.3794670104980469
0.3779411315917969
0.3766059875488281
0.3750801086425781
0.37384033203125
0.372314453125
0.3708839416503906
0.36945343017578125
0.3681182861328125
0.3666877746582031
0.36525726318359375
0.363922119140625
0.3624916076660156
0.3612518310546875
0.3598213195800781
0.3584861755371094
0.3571510314941406
0.35572052001953125
0.3543853759765625
0.3529548645019531
0.351715087890625
0.35037994384765625
0.3490447998046875
0.34770965576171875
0.34637451171875
0.3452301025390625
0.3437042236328125
0.342559814453125
0.3411293029785156
0.3399848937988281
0.33855438232421875
0.33740997314453125
0.3359794616699219
0.3348350524902344
0.3334999084472656
0.3322601318359375
0.3310203552246094
0.3296852111816406
0.3285408020019531
0.32711029052734375
0.3260612487792969
0.3247261047363281
0.3235816955566406
0.3223419189453125
0.3211021423339844
0.3197669982910156
0.31871795654296875
0.3173828125
0.3162384033203125
0.315093994140625
0.3138542175292969
0.31261444091796875
0.31147003173828125
0.31032562255859375
0.30918121337890625
0.3079414367675781
0.3067970275878906
0.3056526184082031
0.304412841796875
0.3033638000488281
0.3021240234375
0.3010749816894531
0.2999305725097656
0.2986907958984375
0.29773712158203125
0.2964973449707031
0.2953529357910156
0.2942085266113281
0.29315948486328125
0.29201507568359375
0.2909660339355469
0.2898216247558594
0.2888679504394531
0.287628173828125
0.2865791320800781
0.28553009033203125
0.28438568115234375
0.28324127197265625
0.28228759765625
0.2811431884765625
0.279998779296875
0.2791404724121094
0.2779960632324219
0.2768516540527344
0.2758979797363281
0.2749443054199219
0.27370452880859375
0.2728462219238281
0.2717018127441406
0.2707481384277344
0.2696990966796875
0.2685546875
0.2676963806152344
0.2666473388671875
0.2655982971191406
0.2646446228027344
0.2635955810546875
0.26264190673828125
0.2615928649902344
0.26073455810546875
0.25959014892578125
0.2587318420410156
0.25768280029296875
0.2567291259765625
0.25577545166015625
0.2547264099121094
0.2539634704589844
0.25272369384765625
0.25196075439453125
0.2509117126464844
0.24995803833007812
0.2490997314453125
0.24814605712890625
0.2471923828125
0.24623870849609375
0.2452850341796875
0.24442672729492188
0.24347305297851562
0.24251937866210938
0.24166107177734375
0.24061203002929688
0.23984909057617188
0.23889541625976562
0.23794174194335938
0.23717880249023438
0.2361297607421875
0.2353668212890625
0.23431777954101562
0.23355484008789062
0.232696533203125
0.23174285888671875
0.23088455200195312
0.2300262451171875
0.22916793823242188
0.22821426391601562
0.22745132446289062
0.22649765014648438
0.22573471069335938
0.22478103637695312
0.22411346435546875
0.22306442260742188
0.22220611572265625
0.22153854370117188
0.22058486938476562
0.2197265625
0.21905899047851562
0.21810531616210938
0.21734237670898438
0.21657943725585938
0.21562576293945312
0.21486282348632812
0.21409988403320312
0.2132415771484375
0.2124786376953125
0.21162033081054688
0.21076202392578125
0.20999908447265625
0.20933151245117188
0.20847320556640625
0.20771026611328125
0.206756591796875
0.20608901977539062
0.20542144775390625
0.2044677734375
0.20380020141601562
0.20303726196289062
0.202178955078125
0.201416015625
0.20074844360351562
0.19998550415039062
0.199127197265625
0.19855499267578125
0.197601318359375
0.19683837890625
0.19626617431640625
0.19540786743164062
0.19474029541015625
0.19407272338867188
0.19321441650390625
0.19245147705078125
0.1918792724609375
0.1911163330078125
0.19025802612304688
0.18968582153320312
0.18892288208007812
0.18815994262695312
0.18749237060546875
0.18682479858398438
0.18596649169921875
0.185394287109375
0.18472671508789062
0.18396377563476562
0.18329620361328125
0.18262863159179688
0.18186569213867188
0.1811981201171875
0.18053054809570312
0.17995834350585938
0.17900466918945312
0.17852783203125
0.17786026000976562
0.17719268798828125
0.17642974853515625
0.1758575439453125
0.17518997192382812
0.17442703247070312
0.17385482788085938
0.173187255859375
0.17261505126953125
0.17175674438476562
0.1712799072265625
0.17070770263671875
0.16984939575195312
0.16927719116210938
0.16870498657226562
0.16794204711914062
0.16736984252929688
0.16679763793945312
0.16613006591796875
0.16546249389648438
0.164794921875
0.16431808471679688
0.16355514526367188
0.16298294067382812
0.16241073608398438
0.16183853149414062
0.16117095947265625
0.16050338745117188
0.15993118286132812
0.15935897827148438
0.15869140625
0.15811920166015625
0.1575469970703125
0.15697479248046875
0.15630722045898438
0.15583038330078125
0.15516281127929688
0.15459060668945312
0.15401840209960938
0.15344619750976562
0.15287399291992188
0.1522064208984375
0.15172958374023438
0.15106201171875
0.1506805419921875
0.1499176025390625
0.14944076538085938
0.148773193359375
0.14829635620117188
0.14772415161132812
0.147247314453125
0.14657974243164062
0.1461029052734375
0.14553070068359375
0.14495849609375
0.14448165893554688
0.14390945434570312
0.14333724975585938
0.14286041259765625
0.14219284057617188
0.14171600341796875
0.14123916625976562
0.14057159423828125
0.14009475708007812
0.13952255249023438
0.13914108276367188
0.13856887817382812
0.13799667358398438
0.13742446899414062
0.1369476318359375
0.13647079467773438
0.13599395751953125
0.1354217529296875
0.13484954833984375
0.13446807861328125
0.1338958740234375
0.13341903686523438
0.13284683227539062
0.13246536254882812
0.13189315795898438
0.13141632080078125
0.1308441162109375
0.13036727905273438
0.12998580932617188
0.12941360473632812
0.128936767578125
0.12845993041992188
0.12798309326171875
0.12750625610351562
0.1270294189453125
0.12645721435546875
0.12607574462890625
0.12559890747070312
0.12502670288085938
0.12464523315429688
0.12416839599609375
0.12369155883789062
0.1232147216796875
0.12273788452148438
0.12226104736328125
0.12187957763671875
0.121307373046875
0.12102127075195312
0.12035369873046875
0.12006759643554688
0.11949539184570312
0.11911392211914062
0.11854171752929688
0.118255615234375
0.11777877807617188
0.11730194091796875
0.11682510375976562
0.11653900146484375
0.115966796875
0.11548995971679688
0.115203857421875
0.11463165283203125
0.11425018310546875
0.11377334594726562
0.11339187622070312
0.11310577392578125
0.1125335693359375
0.112152099609375
0.11157989501953125
0.11129379272460938
0.11091232299804688
0.11043548583984375
0.10995864868164062
0.10957717895507812
0.10919570922851562
0.1087188720703125
0.10843276977539062
0.1079559326171875
0.10747909545898438
0.1071929931640625
0.10671615600585938
0.1064300537109375
0.10595321655273438
0.10557174682617188
0.10509490966796875
0.10461807250976562
0.10442733764648438
0.10395050048828125
0.10366439819335938
0.10318756103515625
0.10271072387695312
0.10232925415039062
0.10204315185546875
0.10166168212890625
0.10128021240234375
0.10089874267578125
0.10042190551757812
0.10004043579101562
0.09975433349609375
0.09937286376953125
0.09908676147460938
0.09851455688476562
0.09813308715820312
0.09784698486328125
0.09746551513671875
0.09717941284179688
0.096893310546875
0.09641647338867188
0.09593963623046875
0.09565353393554688
0.09527206420898438
0.0949859619140625
0.0946044921875
0.09441375732421875
0.09374618530273438
0.0934600830078125
0.09317398071289062
0.09279251098632812
0.09260177612304688
0.09222030639648438
0.09174346923828125
0.09136199951171875
0.09107589721679688
0.090789794921875
0.0904083251953125
0.09021759033203125
0.08974075317382812
0.089263916015625
0.08897781372070312
0.08869171142578125
0.08840560913085938
0.0881195068359375
0.08783340454101562
0.0873565673828125
0.08697509765625
0.08668899536132812
0.08630752563476562
0.08611679077148438
0.0858306884765625
0.08544921875
0.0850677490234375
0.084686279296875
0.08440017700195312
0.08420944213867188
0.08382797241210938
0.0835418701171875
0.08325576782226562
0.08287429809570312
0.08249282836914062
0.08220672607421875
0.0820159912109375
0.08153915405273438
0.08134841918945312
0.08115768432617188
0.08077621459960938
0.08039474487304688
0.08001327514648438
0.0797271728515625
0.07953643798828125
0.07925033569335938
0.0789642333984375
0.078582763671875
0.07829666137695312
0.07801055908203125
0.07772445678710938
0.0774383544921875
0.07715225219726562
0.07686614990234375
0.07658004760742188
0.07619857788085938
0.07600784301757812
0.07572174072265625
0.07534027099609375
0.0751495361328125
0.07486343383789062
0.07467269897460938
0.0743865966796875
0.07410049438476562
0.07371902465820312
0.07343292236328125
0.07314682006835938
0.0728607177734375
0.07257461547851562
0.07238388061523438
0.07200241088867188
0.07181167602539062
0.07162094116210938
0.0713348388671875
0.070953369140625
0.07076263427734375
0.07047653198242188
0.07028579711914062
0.06999969482421875
0.06961822509765625
0.069427490234375
0.06914138793945312
0.06885528564453125
0.06856918334960938
0.0682830810546875
0.06809234619140625
0.067901611328125
0.06761550903320312
0.06732940673828125
0.067138671875
0.0667572021484375
0.06666183471679688
0.06628036499023438
0.06608963012695312
0.06580352783203125
0.06561279296875
0.06532669067382812
0.06504058837890625
0.06494522094726562
0.06465911865234375
0.06437301635742188
0.0640869140625
0.06380081176757812
0.0637054443359375
0.06341934204101562
0.06303787231445312
0.0629425048828125
0.06265640258789062
0.062465667724609375
0.0621795654296875
0.062084197998046875
0.061702728271484375
0.061511993408203125
0.061321258544921875
0.061130523681640625
0.0606536865234375
0.0606536865234375
0.060367584228515625
0.06008148193359375
0.059986114501953125
0.059795379638671875
0.059413909912109375
0.059223175048828125
0.059032440185546875
0.058746337890625
0.05855560302734375
0.058269500732421875
0.058078765869140625
0.057888031005859375
0.057697296142578125
0.0576019287109375
0.057220458984375
0.05702972412109375
0.0568389892578125
0.056552886962890625
0.056362152099609375
0.056171417236328125
0.05588531494140625
0.055789947509765625
0.055599212646484375
0.055408477783203125
0.05512237548828125
0.05512237548828125
0.05474090576171875
0.05474090576171875
0.054454803466796875
0.054168701171875
0.054073333740234375
0.053691864013671875
0.053501129150390625
0.05321502685546875
0.05283355712890625
0.052738189697265625
0.052547454833984375
0.052356719970703125
0.052165985107421875
0.05207061767578125
0.0518798828125
0.051593780517578125
0.0514984130859375
0.05130767822265625
0.051116943359375
0.051021575927734375
0.050830841064453125
0.050640106201171875
0.05054473876953125
0.050258636474609375
0.050067901611328125
0.0499725341796875
0.04978179931640625
0.049591064453125
0.049304962158203125
0.04901885986328125
0.04863739013671875
0.0484466552734375
0.048351287841796875
0.048065185546875
0.047969818115234375
0.04787445068359375
0.047588348388671875
0.04749298095703125
0.047397613525390625
0.04711151123046875
0.0469207763671875
0.0469207763671875
0.04673004150390625
0.046634674072265625
0.046443939208984375
0.046253204345703125
0.0461578369140625
0.045871734619140625
0.0457763671875
0.045680999755859375
0.0453948974609375
0.045299530029296875
0.045108795166015625
0.045013427734375
0.045013427734375
0.044155120849609375
0.04405975341796875
0.043964385986328125
0.04367828369140625
0.04367828369140625
0.043487548828125
0.04329681396484375
0.043201446533203125
0.0431060791015625
0.043010711669921875
0.042724609375
0.042629241943359375
0.042438507080078125
0.0423431396484375
0.042247772216796875
0.041961669921875
0.042057037353515625
0.041675567626953125
0.041675567626953125
0.041484832763671875
0.04138946533203125
0.041294097900390625
0.04100799560546875
0.04100799560546875
0.040721893310546875
0.040721893310546875
0.040531158447265625
0.040149688720703125
0.03986358642578125
0.039577484130859375
0.039577484130859375
0.0392913818359375
0.0392913818359375
0.03910064697265625
0.039005279541015625
0.038814544677734375
0.03871917724609375
0.0385284423828125
0.0385284423828125
0.03833770751953125
0.03814697265625
0.03814697265625
0.03795623779296875
0.0377655029296875
0.037670135498046875
0.03757476806640625
0.037384033203125
0.037288665771484375
0.037097930908203125
0.03719329833984375
0.03681182861328125
0.036907196044921875
0.03662109375
0.03662109375
0.036334991455078125
0.03643035888671875
0.03604888916015625
0.036144256591796875
0.03566741943359375
0.03566741943359375
0.035381317138671875
0.035190582275390625
0.03490447998046875
0.03490447998046875
0.034618377685546875
0.0347137451171875
0.03452301025390625
0.034427642822265625
0.034332275390625
0.03414154052734375
0.034046173095703125
0.0339508056640625
0.033855438232421875
0.033664703369140625
0.033664703369140625
0.033473968505859375
0.033473968505859375
0.0331878662109375
0.0331878662109375
0.03299713134765625
0.032901763916015625
0.032901763916015625
0.032711029052734375
0.032520294189453125
0.032520294189453125
0.0324249267578125
0.03223419189453125
0.03223419189453125
0.031948089599609375
0.03204345703125
0.03185272216796875
0.031757354736328125
0.03147125244140625
0.031280517578125
0.031185150146484375
0.030994415283203125
0.03108978271484375
0.03070831298828125
0.030517578125
0.030422210693359375
0.030231475830078125
0.03032684326171875
0.030040740966796875
0.02994537353515625
0.02994537353515625
0.029754638671875
0.029850006103515625
0.029468536376953125
0.02956390380859375
0.029468536376953125
0.029277801513671875
0.029277801513671875
0.029087066650390625
0.02899169921875
0.02899169921875
0.02880096435546875
0.02880096435546875
0.028514862060546875
0.0286102294921875
0.02841949462890625
0.028324127197265625
0.028324127197265625
0.028133392333984375
0.02803802490234375
0.027942657470703125
0.0278472900390625
0.0278472900390625
0.02765655517578125
0.02765655517578125
0.027561187744140625
0.027370452880859375
0.02727508544921875
0.026988983154296875
0.02689361572265625
0.026798248291015625
0.026798248291015625
0.026607513427734375
0.026607513427734375
0.0263214111328125
0.026416778564453125
0.026226043701171875
0.025844573974609375
0.02593994140625
0.02574920654296875
0.025653839111328125
0.0255584716796875
0.0255584716796875
0.02536773681640625
0.02536773681640625
0.025272369384765625
0.025177001953125
0.025177001953125
0.024890899658203125
0.024890899658203125
0.024890899658203125
0.024700164794921875
0.02460479736328125
0.024700164794921875
0.0244140625
0.0244140625
0.0244140625
0.024127960205078125
0.02422332763671875
0.024127960205078125
0.023937225341796875
0.023937225341796875
0.023937225341796875
0.023651123046875
0.023651123046875
0.023746490478515625
0.023365020751953125
0.02346038818359375
0.02346038818359375
0.023174285888671875
0.023174285888671875
0.023174285888671875
0.022983551025390625
0.022983551025390625
0.022792816162109375
0.022602081298828125
0.022411346435546875
0.0225067138671875
0.02231597900390625
0.022220611572265625
0.022220611572265625
0.022220611572265625
0.02193450927734375
0.022029876708984375
0.02193450927734375
0.0217437744140625
0.0217437744140625
0.0217437744140625
0.021457672119140625
0.021266937255859375
0.021266937255859375
0.02117156982421875
0.0209808349609375
0.021076202392578125
0.0209808349609375
0.020885467529296875
0.020694732666015625
0.02079010009765625
0.020694732666015625
0.020503997802734375
0.020503997802734375
0.020599365234375
0.020313262939453125
0.020313262939453125
0.0202178955078125
0.020313262939453125
0.020122528076171875
0.02002716064453125
0.02002716064453125
0.02002716064453125
0.019741058349609375
0.019741058349609375
0.01983642578125
0.01964569091796875
0.019550323486328125
0.0194549560546875
0.019550323486328125
0.01926422119140625
0.019359588623046875
0.01926422119140625
0.01926422119140625
0.019073486328125
0.019073486328125
0.018978118896484375
0.018978118896484375
0.018787384033203125
0.018787384033203125
0.018787384033203125
0.0186920166015625
0.01850128173828125
0.01850128173828125
0.018310546875
0.01811981201171875
0.01811981201171875
0.018024444580078125
0.01811981201171875
0.0179290771484375
0.017833709716796875
0.017833709716796875
0.017833709716796875
0.017642974853515625
0.017547607421875
0.017642974853515625
0.017547607421875
0.017452239990234375
0.01735687255859375
0.01735687255859375
0.017261505126953125
0.01735687255859375
0.017070770263671875
0.0171661376953125
0.017070770263671875
0.01697540283203125
0.01659393310546875
0.01659393310546875
0.01659393310546875
0.01659393310546875
0.016498565673828125
0.016307830810546875
0.0164031982421875
0.016307830810546875
0.0164031982421875
0.016117095947265625
0.016117095947265625
0.016117095947265625
0.016117095947265625
0.015926361083984375
0.015926361083984375
0.01583099365234375
0.015926361083984375
0.01583099365234375
0.015735626220703125
0.0156402587890625
0.0156402587890625
0.0156402587890625
0.015544891357421875
0.01544952392578125
0.015354156494140625
0.015354156494140625
0.01544952392578125
0.0152587890625
0.01506805419921875
0.015163421630859375
0.015163421630859375
0.01506805419921875
0.01506805419921875
0.0148773193359375
0.0148773193359375
0.0148773193359375
0.014972686767578125
0.014591217041015625
0.01468658447265625
0.014591217041015625
0.01468658447265625
0.01468658447265625
0.014400482177734375
0.014400482177734375
0.014400482177734375
0.014400482177734375
0.014400482177734375
0.0141143798828125
0.014209747314453125
0.01392364501953125
0.01392364501953125
0.013828277587890625
0.01373291015625
0.013637542724609375
0.01373291015625
0.013637542724609375
0.013637542724609375
0.01354217529296875
0.013446807861328125
0.013446807861328125
0.013446807861328125
0.013446807861328125
0.0133514404296875
0.013256072998046875
0.01316070556640625
0.01316070556640625
0.01316070556640625
0.013256072998046875
0.013065338134765625
0.012874603271484375
0.012969970703125
0.012969970703125
0.012874603271484375
0.012969970703125
0.012683868408203125
0.012683868408203125
0.012683868408203125
0.012683868408203125
0.01277923583984375
0.012683868408203125
0.01239776611328125
0.012493133544921875
0.01239776611328125
0.01239776611328125
0.01220703125
0.01220703125
0.011920928955078125
0.011920928955078125
0.01201629638671875
0.011920928955078125
0.01201629638671875
0.011920928955078125
0.011730194091796875
0.011730194091796875
0.011730194091796875
0.011730194091796875
0.011730194091796875
0.011730194091796875
0.011539459228515625
0.011444091796875
0.011539459228515625
0.011444091796875
0.011444091796875
0.011539459228515625
0.011348724365234375
0.01125335693359375
0.011157989501953125
0.01125335693359375
0.01125335693359375
0.01125335693359375
0.011157989501953125
0.0110626220703125
0.010967254638671875
0.010967254638671875
0.010967254638671875
0.010967254638671875
0.0110626220703125
0.010776519775390625
0.010776519775390625
0.010776519775390625
