1
4.273171424865723
4.365532398223877
4.457338809967041
4.548677444458008
4.639624118804932
4.730245590209961
4.820582389831543
4.910647392272949
5.000448226928711
5.090226173400879
5.1795454025268555
5.268627166748047
5.357474327087402
5.446088790893555
5.5344719886779785
5.622625827789307
5.71055269241333
5.798257350921631
5.885740756988525
5.97300386428833
6.0600504875183105
6.146882057189941
6.233499050140381
6.31990385055542
6.406097888946533
6.492081642150879
6.577857494354248
6.663426399230957
6.748789310455322
6.83394718170166
6.918901443481445
7.0036516189575195
7.088199138641357
7.172545433044434
7.256690979003906
7.340635776519775
7.424380779266357
7.507927894592285
7.5912766456604
7.674427509307861
7.757381439208984
7.840139389038086
7.922701358795166
8.005067825317383
8.087239265441895
8.169217109680176
8.25100040435791
8.332590103149414
8.41398811340332
8.495193481445312
8.57620620727539
8.657028198242188
8.737659454345703
8.818100929260254
8.898351669311523
8.978413581848145
9.0582857131958
9.137969970703125
9.2174654006958
9.296773910522461
9.375893592834473
9.454828262329102
9.533576011657715
9.612136840820312
9.690512657165527
9.768702507019043
9.846708297729492
9.924530029296875
10.002167701721191
10.079621315002441
10.156891822814941
10.233980178833008
10.31088638305664
10.38761043548584
10.464155197143555
10.540517807006836
10.616697311401367
10.692700386047363
10.768521308898926
10.84416389465332
10.919626235961914
10.99491024017334
11.070016860961914
11.144946098327637
11.219697952270508
11.294273376464844
11.368669509887695
11.442890167236328
11.516934394836426
11.590804100036621
11.664498329162598
11.738018989562988
11.81136417388916
11.884536743164062
11.957536697387695
12.030362129211426
12.103015899658203
12.175498008728027
12.247806549072266
12.319942474365234
12.391911506652832
12.463709831237793
12.5353364944458
12.606793403625488
12.678080558776855
12.749197959899902
12.820144653320312
12.890925407409668
12.961536407470703
13.031982421875
13.102259635925293
13.172371864318848
13.242315292358398
13.312092781066895
13.381705284118652
13.451150894165039
13.520431518554688
13.58954906463623
13.658504486083984
13.727294921875
13.795921325683594
13.864385604858398
13.932684898376465
14.000824928283691
14.068800926208496
14.136615753173828
14.204268455505371
14.271760940551758
14.339094161987305
14.406267166137695
14.47327995300293
14.540131568908691
14.606822967529297
14.673357009887695
14.73973274230957
14.805949211120605
14.87200927734375
14.937911987304688
15.00365924835205
15.069250106811523
15.134684562683105
15.199960708618164
15.265082359313965
15.330049514770508
15.39486312866211
15.459521293640137
15.524026870727539
15.58837604522705
15.652571678161621
15.716615676879883
15.780508995056152
15.844247817993164
15.907833099365234
15.971267700195312
16.03455352783203
16.097686767578125
16.160669326782227
16.223501205444336
16.286182403564453
16.34871482849121
16.411100387573242
16.47333526611328
16.535423278808594
16.597362518310547
16.65915298461914
16.720796585083008
16.782291412353516
16.84364128112793
16.904844284057617
16.965900421142578
17.026811599731445
17.08757781982422
17.148197174072266
17.20867156982422
17.269004821777344
17.329191207885742
17.38923454284668
17.44913673400879
17.508893966674805
17.568510055541992
17.627981185913086
17.687313079833984
17.746501922607422
17.805545806884766
17.86445426940918
17.9232177734375
17.981842041015625
18.040327072143555
18.098676681518555
18.15689468383789
18.214981079101562
18.2729434967041
18.330781936645508
18.38850212097168
18.446104049682617
18.50359344482422
18.560970306396484
18.61823844909668
18.675399780273438
18.73245620727539
18.789409637451172
18.846263885498047
18.903017044067383
18.959672927856445
19.016233444213867
19.07270050048828
19.12907600402832
19.185359954833984
19.24155616760254
19.29766273498535
19.353679656982422
19.40961456298828
19.46546173095703
19.52122688293457
19.576908111572266
19.632509231567383
19.68802833557129
19.743467330932617
19.798828125
19.854108810424805
19.909313201904297
19.964439392089844
20.01949119567871
20.074464797973633
20.129365921020508
20.18419075012207
20.238943099975586
20.293621063232422
20.348228454589844
20.402761459350586
20.45722198486328
20.511615753173828
20.565935134887695
20.620180130004883
20.674360275268555
20.728471755981445
20.782512664794922
20.83648109436035
20.890382766723633
20.944215774536133
20.997982025146484
21.051679611206055
21.10530662536621
21.158870697021484
21.21236801147461
21.265798568725586
21.319162368774414
21.372455596923828
21.425687789916992
21.478851318359375
21.531951904296875
21.58498764038086
21.637956619262695
21.690860748291016
21.743698120117188
21.79647445678711
21.849185943603516
21.901832580566406
21.954418182373047
22.006933212280273
22.05938720703125
22.11177635192871
22.164106369018555
22.21636962890625
22.268571853637695
22.32071304321289
22.37278175354004
22.424795150756836
22.476741790771484
22.528627395629883
22.58045196533203
22.632213592529297
22.683916091918945
22.735551834106445
22.78712272644043
22.838632583618164
22.89008331298828
22.941469192504883
22.9927978515625
23.0440616607666
23.09526824951172
23.14640998840332
23.197494506835938
23.24851417541504
23.29947280883789
23.35036849975586
23.401203155517578
23.451976776123047
23.502689361572266
23.553340911865234
23.60393714904785
23.65447235107422
23.704946517944336
23.75535774230957
23.805709838867188
23.856002807617188
23.90623664855957
23.95640754699707
24.006515502929688
24.056562423706055
24.106552124023438
24.156478881835938
24.20634651184082
24.25615692138672
24.305908203125
24.35559844970703
24.405229568481445
24.45479965209961
24.504310607910156
24.55376434326172
24.60315704345703
24.65249252319336
24.701765060424805
24.75098419189453
24.800138473510742
24.849239349365234
24.898279190063477
24.9472599029541
24.99618148803711
25.045045852661133
25.093849182128906
25.142595291137695
25.191280364990234
25.23990821838379
25.28847885131836
25.33698844909668
25.38544464111328
25.433837890625
25.4821720123291
25.53045082092285
25.57866859436035
25.6268310546875
25.67493438720703
25.722978591918945
25.770965576171875
25.818893432617188
25.866764068603516
25.91457748413086
25.96233367919922
26.01003074645996
26.05767059326172
26.10525131225586
26.152774810791016
26.20024871826172
26.247663497924805
26.295019149780273
26.342315673828125
26.389556884765625
26.43674087524414
26.48386573791504
26.530935287475586
26.577945709228516
26.624900817871094
26.671796798706055
26.71863555908203
26.765417098999023
26.812143325805664
26.85881805419922
26.905433654785156
26.951993942260742
a
5.1
4.618048667907715
4.590320587158203
4.56693172454834
4.547333717346191
4.531073570251465
4.516839981079102
4.5032501220703125
4.490041732788086
4.488730430603027
4.466056823730469
4.454135894775391
4.442381858825684
4.430723190307617
4.419159889221191
4.407691955566406
4.396343231201172
4.385232925415039
4.374170303344727
4.363155364990234
4.352331161499023
4.341578483581543
4.330849647521973
4.320240020751953
4.309701919555664
4.299187660217285
4.288792610168457
4.278445243835449
4.268145561218262
4.2578935623168945
4.247713088989258
4.237508773803711
4.2273759841918945
4.217314720153809
4.207277297973633
4.197239875793457
4.187250137329102
4.177355766296387
4.167437553405762
4.157543182373047
4.147696495056152
4.137897491455078
4.128098487854004
4.11832332611084
4.108572006225586
4.0988922119140625
4.089164733886719
4.079484939575195
4.0699005126953125
4.060268402099609
4.050636291503906
4.041099548339844
4.031562805175781
4.022073745727539
4.012537002563477
4.003095626831055
3.9936065673828125
3.984212875366211
3.974771499633789
3.965425491333008
3.955984115600586
3.9467334747314453
3.937387466430664
3.928041458129883
3.918790817260742
3.9094924926757812
3.900289535522461
3.8910865783691406
3.8818836212158203
3.8726806640625
3.863525390625
3.8544178009033203
3.8453102111816406
3.836202621459961
3.827238082885742
3.8181304931640625
3.8089752197265625
3.8001537322998047
3.791046142578125
3.7821292877197266
3.7731170654296875
3.764200210571289
3.755331039428711
3.746461868286133
3.7375926971435547
3.728771209716797
3.719806671142578
3.7110328674316406
3.702211380004883
3.6934852600097656
3.684711456298828
3.6760330200195312
3.6672592163085938
3.658628463745117
3.6499977111816406
3.6412715911865234
3.632688522338867
3.624105453491211
3.615427017211914
3.6067962646484375
3.598451614379883
3.589916229248047
3.5813331604003906
3.572845458984375
3.5643577575683594
3.5558700561523438
3.547334671020508
3.5390377044677734
3.530550003051758
3.5223007202148438
3.5138607025146484
3.5056114196777344
3.497171401977539
3.4888744354248047
3.4806251525878906
3.472280502319336
3.464031219482422
3.4558773040771484
3.4477710723876953
3.4395217895507812
3.4313201904296875
3.4232139587402344
3.4149646759033203
3.407001495361328
3.3987998962402344
3.3907413482666016
3.3826351165771484
3.374624252319336
3.3666610717773438
3.3586502075195312
3.3506393432617188
3.342580795288086
3.3345699310302734
3.326702117919922
3.31878662109375
3.310823440551758
3.3030033111572266
3.295135498046875
3.287363052368164
3.279542922973633
3.2717227935791016
3.2638072967529297
3.256082534790039
3.2483577728271484
3.240680694580078
3.232908248901367
3.225278854370117
3.217458724975586
3.2097816467285156
3.202199935913086
3.1946659088134766
3.186941146850586
3.1792640686035156
3.1717300415039062
3.1642913818359375
3.1566619873046875
3.149127960205078
3.1415939331054688
3.1340599060058594
3.1266212463378906
3.1192779541015625
3.111743927001953
3.104400634765625
3.0969619750976562
3.0895233154296875
3.0821800231933594
3.0747413635253906
3.067493438720703
3.060150146484375
3.052806854248047
3.0455589294433594
3.038311004638672
3.0309677124023438
3.0237197875976562
3.01666259765625
3.009319305419922
3.002166748046875
2.9951095581054688
2.9878616333007812
2.980804443359375
2.9735565185546875
2.966594696044922
2.959442138671875
2.9521942138671875
2.945423126220703
2.9381752014160156
2.93121337890625
2.9242515563964844
2.91748046875
2.910900115966797
2.9043197631835938
2.898120880126953
2.8919219970703125
2.8860092163085938
2.880096435546875
2.874469757080078
2.8688430786132812
2.8634071350097656
2.8580665588378906
2.8528213500976562
2.8476715087890625
2.84271240234375
2.837657928466797
2.832794189453125
2.8280258178710938
2.823352813720703
2.818775177001953
2.814197540283203
2.8098106384277344
2.805328369140625
2.8008460998535156
2.7967453002929688
2.7923583984375
2.788257598876953
2.7840614318847656
2.7800559997558594
2.7759552001953125
2.7719497680664062
2.7680397033691406
2.7640342712402344
2.7602195739746094
2.7563095092773438
2.7525901794433594
2.7486801147460938
2.74505615234375
2.741241455078125
2.7376174926757812
2.733898162841797
2.7303695678710938
2.7266502380371094
2.7230262756347656
2.7196884155273438
2.7159690856933594
2.712249755859375
2.7090072631835938
2.7055740356445312
2.702045440673828
2.6984214782714844
2.6950836181640625
2.691650390625
2.688312530517578
2.6848793029785156
2.6813507080078125
2.678203582763672
2.67486572265625
2.671527862548828
2.6681900024414062
2.664661407470703
2.661609649658203
2.6581764221191406
2.655029296875
2.6517868041992188
2.648448944091797
2.6452064514160156
2.6418685913085938
2.6388168334960938
2.6355743408203125
2.6323318481445312
2.6292800903320312
2.625751495361328
2.622699737548828
2.619457244873047
2.6165008544921875
2.6131629943847656
2.6101112365722656
2.6070594787597656
2.603435516357422
2.6006698608398438
2.597332000732422
2.594280242919922
2.591228485107422
2.5880813598632812
2.585124969482422
2.581787109375
2.5785446166992188
2.5754928588867188
2.5725364685058594
2.569293975830078
2.5664329528808594
2.563190460205078
2.5603294372558594
2.557086944580078
2.5542259216308594
2.550983428955078
2.547931671142578
2.5447845458984375
2.5417327880859375
2.5386810302734375
2.5356292724609375
2.5325775146484375
2.5298118591308594
2.5267601013183594
2.5237083435058594
2.5205612182617188
2.5176048278808594
2.5146484375
2.5116920471191406
2.508544921875
2.5053977966308594
2.5023460388183594
2.4994850158691406
2.496337890625
2.4933815002441406
2.490520477294922
2.4875640869140625
2.4845123291015625
2.481555938720703
2.478504180908203
2.4755477905273438
2.472686767578125
2.469635009765625
2.4667739868164062
2.4636268615722656
2.460956573486328
2.457714080810547
2.4550437927246094
2.4519920349121094
2.44903564453125
2.4460792541503906
2.443218231201172
2.440166473388672
2.437305450439453
2.434253692626953
2.4313926696777344
2.4285316467285156
2.4254798889160156
2.422809600830078
2.4196624755859375
2.416706085205078
2.4139404296875
2.410888671875
2.408123016357422
2.4051666259765625
2.402210235595703
2.3993492126464844
2.396392822265625
2.3935317993164062
2.3906707763671875
2.3878097534179688
2.3848533630371094
2.3819923400878906
2.3790359497070312
2.3761749267578125
2.3736953735351562
2.370738983154297
2.3677825927734375
2.364826202392578
2.362060546875
2.3591995239257812
2.356243133544922
2.3534774780273438
2.3505210876464844
2.3477554321289062
2.344799041748047
2.341938018798828
2.3390769958496094
2.3363113403320312
2.3337364196777344
2.330780029296875
2.328014373779297
2.325153350830078
