26.906450271606445
26.769243240356445
26.625308990478516
26.475175857543945
26.319318771362305
26.15817642211914
25.99214744567871
25.821603775024414
25.64688491821289
25.46830177307129
25.28614616394043
25.100685119628906
24.912166595458984
24.7208251953125
24.526872634887695
24.33051300048828
24.131927490234375
23.93129539489746
23.728778839111328
23.524526596069336
23.318681716918945
23.11138343811035
22.902753829956055
22.692909240722656
22.481962203979492
22.27001953125
22.057174682617188
21.84352684020996
21.629154205322266
21.41415023803711
21.198589324951172
20.982540130615234
20.766082763671875
20.54928207397461
20.332195281982422
20.114885330200195
19.897411346435547
19.679821014404297
19.46217155456543
19.244510650634766
19.026887893676758
18.809345245361328
18.5919246673584
18.374664306640625
18.157608032226562
17.9407901763916
17.7242488861084
17.508012771606445
17.292118072509766
17.076597213745117
16.861474990844727
16.64678382873535
16.43255043029785
16.218801498413086
16.00555992126465
15.792855262756348
15.580706596374512
15.369138717651367
15.158172607421875
14.947829246520996
14.738129615783691
14.529091835021973
14.3207368850708
14.113082885742188
13.906147003173828
13.699946403503418
13.49449634552002
13.289816856384277
13.085918426513672
12.882819175720215
12.680535316467285
12.47907829284668
12.278462409973145
12.078702926635742
11.87981128692627
11.681801795959473
11.484684944152832
11.288472175598145
11.093178749084473
10.898812294006348
10.705385208129883
10.51291275024414
10.32139778137207
10.130854606628418
9.941290855407715
9.75271987915039
9.565149307250977
9.378588676452637
9.193045616149902
9.008529663085938
8.82504940032959
8.642613410949707
8.461228370666504
8.280902862548828
8.101642608642578
7.923457622528076
7.746352195739746
7.5703349113464355
7.395411968231201
7.221588611602783
7.0488715171813965
6.877266883850098
6.7067790031433105
6.537413597106934
6.369175910949707
6.202071189880371
6.036104202270508
5.87127685546875
5.707594394683838
5.545062065124512
5.383683204650879
5.2234601974487305
5.064395904541016
4.906970500946045
4.750253677368164
4.5947113037109375
4.44032621383667
4.287097930908203
4.13502836227417
3.9841160774230957
3.8343632221221924
3.6857709884643555
3.5383405685424805
3.392073392868042
3.2469699382781982
3.1030309200286865
2.9602575302124023
2.8186488151550293
2.6782054901123047
2.5389277935028076
2.400813579559326
2.263862371444702
2.128072738647461
1.9934422969818115
1.859969139099121
1.727649450302124
1.5964808464050293
1.466459035873413
1.3375802040100098
1.2098413705825806
1.08324134349823
0.9577836990356445
a
-6.4952850341796875
-6.8603515625
-7.196712493896484
-7.506656646728516
-7.792854309082031
-8.057117462158203
-8.301448822021484
-8.527183532714844
-8.735942840576172
-8.929157257080078
-9.107780456542969
-9.273052215576172
-9.425926208496094
-9.567070007324219
-9.697628021240234
-9.817981719970703
-9.929275512695312
-10.031604766845703
-10.12582778930664
-10.21261215209961
-10.292243957519531
-10.364913940429688
-10.431480407714844
-10.492229461669922
-10.547351837158203
-10.59713363647461
-10.642242431640625
-10.682392120361328
-10.718631744384766
-10.750198364257812
-10.778045654296875
-10.802459716796875
-10.822868347167969
-10.840034484863281
-10.854339599609375
-10.865497589111328
-10.873699188232422
-10.8795166015625
-10.88247299194336
-10.883045196533203
-10.88113784790039
-10.877132415771484
-10.871028900146484
-10.863018035888672
-10.852813720703125
-10.840892791748047
-10.827064514160156
-10.811805725097656
-10.794734954833984
-10.776042938232422
-10.756111145019531
-10.73455810546875
-10.711669921875
-10.687446594238281
-10.662078857421875
-10.635232925415039
-10.607433319091797
-10.578393936157227
-10.54830551147461
-10.517168045043945
-10.484981536865234
-10.451889038085938
-10.417747497558594
-10.382699966430664
-10.346794128417969
-10.310029983520508
-10.272502899169922
-10.23397445678711
-10.194921493530273
-10.154962539672852
-10.114192962646484
-10.072851181030273
-10.030794143676758
-9.987974166870117
-9.944581985473633
-9.900474548339844
-9.855842590332031
-9.810638427734375
-9.764671325683594
-9.71832275390625
-9.671354293823242
-9.62362289428711
-9.575748443603516
-9.527158737182617
-9.478187561035156
-9.428548812866211
-9.378528594970703
-9.328031539916992
-9.277153015136719
-9.225797653198242
-9.174013137817383
-9.12179946899414
-9.069252014160156
-9.016275405883789
-8.9630126953125
-8.909249305725098
-8.855271339416504
-8.800864219665527
-8.746147155761719
-8.691167831420898
-8.635854721069336
-8.580231666564941
-8.524394035339355
-8.468270301818848
-8.411884307861328
-8.355236053466797
-8.298349380493164
-8.24136734008789
-8.184123039245605
-8.126616477966309
-8.06894302368164
-8.011150360107422
-7.953214645385742
-7.871460914611816
-7.835745811462402
-7.777070999145508
-7.719230651855469
-7.66139030456543
-7.60347843170166
-7.545614242553711
-7.487642765045166
-7.429611682891846
-7.37152099609375
-7.313358783721924
-7.2551727294921875
-7.196950912475586
-7.138669490814209
-7.080435752868652
-7.0221662521362305
-6.9638848304748535
-6.905710697174072
-6.847560405731201
-6.7894816398620605
-6.731522083282471
-6.6736578941345215
-6.6159844398498535
-6.558430194854736
-6.5010905265808105
-6.443941593170166
-6.386941909790039
-6.330001354217529
-6.272882461547852
