26.921632766723633
26.811363220214844
26.69682502746582
26.578365325927734
26.456298828125
26.330917358398438
26.202489852905273
26.071266174316406
25.937477111816406
25.801334381103516
25.663042068481445
25.522777557373047
25.380720138549805
25.23702621459961
25.091848373413086
24.945323944091797
24.79758071899414
24.64874267578125
24.498926162719727
24.34823226928711
24.1967716217041
24.04463005065918
23.89189338684082
23.7386474609375
23.584970474243164
23.430932998657227
23.276601791381836
23.122047424316406
22.96732521057129
22.81249237060547
22.65760612487793
22.502710342407227
22.347856521606445
22.193092346191406
22.038454055786133
21.883983612060547
21.729721069335938
21.57569694519043
21.421945571899414
21.26850128173828
21.11539077758789
20.962642669677734
20.810283660888672
20.65833854675293
20.5068302154541
20.35577964782715
20.20520782470703
20.05513572692871
19.90557861328125
19.756555557250977
19.608081817626953
19.460172653198242
19.312847137451172
19.16611099243164
19.019981384277344
18.87447166442871
18.729591369628906
18.585351943969727
18.441761016845703
18.298831939697266
18.15656852722168
18.014982223510742
17.87407875061035
17.733867645263672
17.5943546295166
17.45554542541504
17.31744384765625
17.1800594329834
17.043394088745117
16.907453536987305
16.77224349975586
16.637767791748047
16.504026412963867
16.37102508544922
16.238767623901367
16.107254028320312
15.97649097442627
15.846479415893555
15.717219352722168
15.588714599609375
15.460965156555176
15.333975791931152
15.207744598388672
15.082273483276367
14.957564353942871
14.8336181640625
14.710432052612305
14.58800983428955
14.466352462768555
14.345457077026367
14.225322723388672
14.105952262878418
13.987345695495605
13.869503021240234
13.752419471740723
13.636099815368652
13.520538330078125
13.405736923217773
13.291695594787598
13.178411483764648
13.065884590148926
12.954113006591797
12.843096733093262
12.732832908630371
12.623321533203125
12.514558792114258
12.406542778015137
12.299274444580078
12.192752838134766
12.0869722366333
11.981934547424316
11.877634048461914
11.774073600769043
11.671246528625488
11.56915283203125
11.467790603637695
11.367156982421875
11.26724910736084
11.168066024780273
11.06960391998291
10.971860885620117
10.874835014343262
10.778524398803711
10.682923316955566
10.588033676147461
10.49384880065918
10.40036678314209
10.307586669921875
10.21550464630127
10.124116897583008
10.033422470092773
9.9434175491333
9.85409927368164
9.765463829040527
9.677510261535645
9.59023380279541
9.503633499145508
9.417702674865723
9.332442283630371
9.247846603393555
9.163911819458008
9.08063793182373
8.998018264770508
8.916051864624023
8.834733009338379
8.754060745239258
8.674032211303711
8.59464168548584
8.515889167785645
8.437768936157227
8.360278129577637
8.28341293334961
8.207171440124512
8.131547927856445
8.05654239654541
7.982148170471191
7.908362865447998
7.835183143615723
7.762604713439941
7.6906256675720215
7.619240760803223
7.548447132110596
7.478241443634033
7.408620834350586
7.3395819664001465
7.271119117736816
7.203230857849121
7.135912895202637
7.069160461425781
7.00297212600708
6.937344074249268
6.87227201461792
6.807753086090088
6.743783473968506
6.68035888671875
6.617476463317871
6.555132865905762
6.493323802947998
6.432046413421631
6.37129545211792
6.311069965362549
6.2513651847839355
6.192176818847656
6.13350248336792
6.075338840484619
6.017681121826172
5.960525989532471
5.903870582580566
5.84771203994751
5.792046546936035
5.7368693351745605
5.682177543640137
5.627969264984131
5.574238300323486
5.5209832191467285
5.468199729919434
5.415884971618652
5.364035129547119
5.31264591217041
5.261715412139893
5.211239337921143
5.1612138748168945
5.111637115478516
5.06250524520874
5.013814449310303
4.9656081199646
4.917776584625244
4.870372772216797
4.823391914367676
4.77683162689209
4.730689525604248
4.684962272644043
4.639647483825684
4.594742298126221
4.550243854522705
4.506148338317871
4.462454319000244
4.419157981872559
4.376256465911865
4.333747863769531
4.291627407073975
4.2498931884765625
4.208542823791504
4.167572021484375
4.126978874206543
4.086759567260742
4.046911716461182
4.007431983947754
3.968381643295288
3.9298439025878906
3.891781806945801
3.8541738986968994
3.817000150680542
3.780243396759033
3.7438900470733643
3.7079267501831055
3.6723430156707764
3.637129068374634
3.602275848388672
3.5677764415740967
3.533623695373535
3.4998109340667725
3.4663329124450684
3.43318510055542
3.4003612995147705
3.367858409881592
3.3356716632843018
3.303797483444214
3.272231101989746
3.240969657897949
3.2100095748901367
3.179347515106201
3.148980140686035
3.1189043521881104
3.0891168117523193
3.059615135192871
3.030395746231079
3.0014562606811523
2.972794532775879
2.944406747817993
2.916290521621704
2.8884432315826416
2.8608620166778564
2.8335444927215576
2.806488275527954
2.779690742492676
2.7531490325927734
2.726861000061035
2.700824499130249
2.6750361919403076
2.649494171142578
2.624196767807007
2.5991406440734863
2.5743236541748047
2.549744129180908
2.5253992080688477
2.501286506652832
2.4774041175842285
2.4537501335144043
2.4303221702575684
2.4071176052093506
2.3841350078582764
2.3613717555999756
2.3388257026672363
2.316495180130005
2.2943778038024902
2.2724716663360596
2.250774621963501
2.22928524017334
2.208001136779785
2.186919927597046
2.1660399436950684
2.145359516143799
2.1248762607574463
2.1045889854431152
2.0844955444335938
2.06459379196167
2.04488205909729
2.0253586769104004
2.006021738052368
1.98686945438385
1.9679001569747925
1.9491119384765625
1.930503010749817
1.912071943283081
1.8938169479370117
1.8757359981536865
1.85782790184021
1.8400907516479492
1.8225231170654297
1.805123209953308
1.7878893613815308
1.7708202600479126
1.7539139986038208
1.7371692657470703
1.7205843925476074
1.7041577100753784
1.6878880262374878
1.6717736721038818
1.655813217163086
1.640005350112915
1.6243482828140259
1.6088407039642334
1.5934810638427734
1.578268051147461
1.5632003545761108
1.548276662826538
1.5334954261779785
1.5188554525375366
1.5043549537658691
1.4899929761886597
1.4757682085037231
1.461679458618164
1.4477250576019287
1.4339039325714111
1.4202147722244263
1.406656265258789
1.3932273387908936
1.3799264430999756
1.3667526245117188
1.353704810142517
1.3407816886901855
1.3279815912246704
1.315303921699524
1.3027470111846924
1.2903103828430176
1.2779922485351562
1.265791654586792
1.2537076473236084
1.2417389154434204
1.2298847436904907
1.2181434631347656
1.2065144777297974
1.1949964761734009
1.1835883855819702
1.172289252281189
1.1610978841781616
1.1500135660171509
1.1390349864959717
1.1281613111495972
1.1173914670944214
1.1067243814468384
1.0961591005325317
1.0856949090957642
1.075330376625061
1.0650649070739746
1.0548973083496094
1.0448269844055176
1.0348526239395142
1.0249733924865723
1.0151888132095337
1.0054975748062134
0.9958986639976501
0.9863916039466858
0.9769752025604248
0.9676486849784851
0.9584111571311951
a
-5.281352996826172
-5.513477325439453
-5.726909637451172
-5.922985076904297
-6.103324890136719
-6.269073486328125
-6.421375274658203
-6.561183929443359
-6.689453125
-6.807136535644531
-6.914615631103516
-7.013225555419922
-7.102870941162109
-7.184696197509766
-7.258892059326172
-7.326221466064453
-7.3871612548828125
-7.441902160644531
-7.490825653076172
-7.534694671630859
-7.573032379150391
-7.607078552246094
-7.636833190917969
-7.662296295166016
-7.683849334716797
-7.701873779296875
-7.716560363769531
-7.727718353271484
-7.736110687255859
-7.741641998291016
-7.744312286376953
-7.744789123535156
-7.7426910400390625
-7.738208770751953
-7.731914520263672
-7.723522186279297
-7.713127136230469
-7.701206207275391
-7.687568664550781
-7.672214508056641
-7.655525207519531
-7.6374053955078125
-7.617950439453125
-7.597255706787109
-7.575416564941406
-7.552528381347656
-7.528591156005859
-7.503604888916016
-7.477855682373047
-7.451152801513672
-7.423686981201172
-7.395458221435547
-7.366275787353516
-7.3368072509765625
-7.306480407714844
-7.275485992431641
-7.244014739990234
-7.211971282958984
-7.179546356201172
-7.146453857421875
-7.113170623779297
-7.079315185546875
-7.045173645019531
-7.010555267333984
-6.975650787353516
-6.940460205078125
-6.905078887939453
-6.869220733642578
-6.8332672119140625
-6.797027587890625
-6.760501861572266
-6.723785400390625
-6.687068939208984
-6.650066375732422
-6.612873077392578
-6.575679779052734
-6.538152694702148
-6.500577926635742
-6.463003158569336
-6.425237655639648
-6.387472152709961
-6.349468231201172
-6.311559677124023
-6.273555755615234
-6.235456466674805
-6.197309494018555
-6.159305572509766
-6.121110916137695
-6.082868576049805
-6.044769287109375
-6.006717681884766
-5.968523025512695
-5.930328369140625
-5.892133712768555
-5.854177474975586
-5.815982818603516
-5.778074264526367
-5.740070343017578
-5.702066421508789
-5.664205551147461
-5.626344680786133
-5.588579177856445
-5.550813674926758
-5.513191223144531
-5.475568771362305
-5.438137054443359
-5.400800704956055
-5.36341667175293
-5.326080322265625
-5.289030075073242
-5.251884460449219
-5.215024948120117
-5.178022384643555
-5.141353607177734
-5.104684829711914
-5.068111419677734
-5.031681060791016
-4.995393753051758
-4.95915412902832
-4.923105239868164
-4.887151718139648
-4.851293563842773
-4.815530776977539
-4.780054092407227
-4.744482040405273
-4.7092437744140625
-4.674100875854492
-4.639005661010742
-4.604101181030273
-4.569387435913086
-4.534721374511719
-4.500246047973633
-4.465913772583008
-4.431772232055664
-4.397678375244141
-4.363822937011719
-4.330015182495117
-4.296541213989258
-4.263019561767578
-4.22978401184082
-4.196739196777344
-4.163694381713867
-4.130983352661133
-4.098320007324219
-4.065942764282227
-4.033613204956055
-4.001426696777344
-3.9695262908935547
-3.9376258850097656
-3.9060115814208984
-3.874540328979492
-3.843259811401367
-3.812074661254883
-3.7811756134033203
-3.750276565551758
-3.7197113037109375
-3.689265251159668
-3.6589860916137695
-3.6289215087890625
-3.598952293395996
-3.5692453384399414
-3.5396814346313477
-3.510284423828125
-3.4810304641723633
-3.4519433975219727
-3.423142433166504
-3.3944129943847656
-3.3658981323242188
-3.3376216888427734
-3.3094167709350586
-3.281402587890625
-3.253602981567383
-3.2259464263916016
-3.1984806060791016
-3.171229362487793
-3.1441211700439453
-3.1171798706054688
-3.0904531478881836
-3.0638694763183594
-3.037548065185547
-3.0112743377685547
-2.985239028930664
-2.959418296813965
-2.9337167739868164
-2.908182144165039
-2.8828859329223633
-2.8577566146850586
-2.832770347595215
-2.807927131652832
-2.7832746505737305
-2.7588605880737305
-2.7345895767211914
-2.710413932800293
-2.6865482330322266
-2.6627540588378906
-2.639174461364746
-2.6157379150390625
-2.59249210357666
-2.569460868835449
-2.546525001525879
-2.5238037109375
-2.5012731552124023
-2.4788379669189453
-2.4565935134887695
-2.434539794921875
-2.4105072021484375
-2.391481399536133
-2.370142936706543
-2.3490190505981445
-2.3279905319213867
-2.30710506439209
-2.286362648010254
-2.2657394409179688
-2.2452592849731445
-2.2249221801757812
-2.204775810241699
-2.1847009658813477
-2.1648168563842773
-2.145075798034668
-2.125430107116699
-2.106022834777832
-2.0867109298706055
-2.0675182342529297
-2.0485401153564453
-2.0296573638916016
-2.010965347290039
-1.9923925399780273
-1.9739866256713867
-1.952517032623291
-1.926887035369873
-1.9031047821044922
-1.8803954124450684
-1.858687400817871
-1.8378376960754395
-1.8176674842834473
-1.7981648445129395
-1.779186725616455
-1.760697364807129
-1.7426609992980957
-1.7249703407287598
-1.7076373100280762
-1.6906380653381348
-1.673901081085205
-1.6573905944824219
-1.6411900520324707
-1.6251444816589355
-1.609337329864502
-1.5937089920043945
-1.5783190727233887
-1.5630722045898438
-1.548004150390625
-1.5331029891967773
-1.5183687210083008
-1.5037894248962402
-1.4893770217895508
-1.475083827972412
-1.4609694480895996
-1.446974277496338
-1.4330863952636719
-1.419389247894287
-1.4058113098144531
-1.392364501953125
-1.3790607452392578
-1.3658761978149414
-1.3528108596801758
-1.339876651763916
-1.3270854949951172
-1.314401626586914
-1.3018250465393066
-1.2894153594970703
-1.2771010398864746
-1.2648701667785645
-1.2528061866760254
-1.240849494934082
-1.2289762496948242
-1.2172460556030273
-1.2056350708007812
-1.1941194534301758
-1.182699203491211
-1.1713981628417969
-1.1602282524108887
-1.149129867553711
-1.138162612915039
-1.127302646636963
-1.1165261268615723
-1.1058688163757324
-1.0953068733215332
-1.0848522186279297
-1.0744690895080566
-1.0642051696777344
-1.054060459136963
-1.043999195098877
-1.0340213775634766
-1.024162769317627
-1.0143637657165527
-1.0046720504760742
-0.9950876235961914
-0.9855866432189941
-0.9761691093444824
-0.9668469429016113
-0.9576141834259033
-0.9484648704528809
-0.939410924911499
-0.9304463863372803
-0.921553373336792
-0.9127497673034668
-0.9040474891662598
-0.8954048156738281
-0.8868575096130371
-0.8783817291259766
-0.8699953556060791
-0.8616924285888672
-0.8534550666809082
-0.8453130722045898
-0.8372366428375244
-0.8292436599731445
-0.8213341236114502
-0.8134841918945312
-0.8057177066802979
-0.7980227470397949
-0.7903933525085449
-0.782853364944458
-0.775378942489624
-0.767982006072998
-0.760650634765625
-0.7533848285675049
-0.7461845874786377
-0.7390618324279785
-0.7319986820220947
-0.725024938583374
-0.7180988788604736
-0.7112383842468262
-0.7044374942779541
-0.6977200508117676
-0.6910562515258789
-0.6844580173492432
-0.6779253482818604
-0.6714463233947754
-0.6650447845458984
-0.6586909294128418
-0.652390718460083
-0.6461560726165771
-0.6400048732757568
-0.6338834762573242
-0.6278455257415771
-0.6218314170837402
-0.6159067153930664
-0.6100296974182129
-0.6042003631591797
-0.5984365940093994
-0.5927085876464844
-0.5870640277862549
-0.5814492702484131
-0.5759000778198242
-0.5704045295715332
-0.5649566650390625
-0.5595684051513672
-0.5542159080505371
-0.54892897605896
-0.5436837673187256
-0.5384922027587891
-0.5333542823791504
-0.528264045715332
-0.5232095718383789
-0.5182266235351562
-0.5132734775543213
-0.5083799362182617
-0.5035161972045898
-0.4987180233001709
-0.4939615726470947
-0.4892289638519287
-0.4845619201660156
-0.4799455404281616
-0.4753530025482178
-0.4708200693130493
-0.46632587909698486
-0.46187639236450195
