26.975391387939453
26.921415328979492
26.866544723510742
26.810836791992188
26.754352569580078
26.697141647338867
26.639257431030273
26.58074951171875
26.52166175842285
26.4620418548584
26.40192413330078
26.341354370117188
26.280366897583008
26.2189998626709
26.15727996826172
26.09524917602539
26.032934188842773
25.97037124633789
25.90758514404297
25.844606399536133
25.781455993652344
25.718162536621094
25.65475082397461
25.59123992919922
25.527650833129883
25.464000701904297
25.400312423706055
25.33660125732422
25.272886276245117
25.209178924560547
25.145496368408203
25.08184814453125
25.018253326416016
24.954721450805664
24.891267776489258
24.827898025512695
24.764625549316406
24.701459884643555
24.638410568237305
24.575483322143555
24.51268768310547
24.450035095214844
24.38753318786621
24.325178146362305
24.262989044189453
24.200960159301758
24.13910675048828
24.07743263244629
24.01593780517578
23.954631805419922
23.893518447875977
23.832597732543945
23.77187728881836
23.711360931396484
23.65104866027832
23.590940475463867
23.531047821044922
23.47136688232422
23.411907196044922
23.352659225463867
23.29363250732422
23.234834671020508
23.176258087158203
23.117910385131836
23.059785842895508
23.00189208984375
22.944229125976562
22.886795043945312
22.8295955657959
22.772626876831055
22.715890884399414
22.659393310546875
22.60312843322754
22.54709815979004
22.491304397583008
22.435747146606445
22.38042449951172
22.325342178344727
22.270490646362305
22.21588134765625
22.161508560180664
22.10736846923828
22.053464889526367
21.99980354309082
21.946374893188477
21.8931827545166
21.84022331237793
21.787500381469727
21.735010147094727
21.68276023864746
21.6307430267334
21.57895851135254
21.52741050720215
21.476091384887695
21.425003051757812
21.374149322509766
21.32352638244629
21.273130416870117
21.222965240478516
21.17303466796875
21.123334884643555
21.07386016845703
21.024612426757812
20.9755916595459
20.92679786682129
20.878231048583984
20.82988929748535
20.781770706176758
20.73387336730957
20.686195373535156
20.638736724853516
20.59149932861328
20.544483184814453
20.4976863861084
20.451112747192383
20.404756546020508
20.35861587524414
20.31269073486328
20.266979217529297
20.221485137939453
20.17620277404785
20.131135940551758
20.086280822753906
20.041637420654297
19.997203826904297
19.952978134155273
19.908966064453125
19.865158081054688
19.821557998657227
19.778165817260742
19.73497772216797
19.691993713378906
19.649215698242188
19.606639862060547
19.564268112182617
19.522096633911133
19.480125427246094
19.438352584838867
19.39678192138672
19.355405807495117
19.31422996520996
19.27324867248535
19.232463836669922
19.191875457763672
19.151479721069336
19.111278533935547
19.07126808166504
19.031452178955078
18.991825103759766
18.9523868560791
18.91313934326172
18.87407875061035
18.835208892822266
18.796524047851562
18.758026123046875
18.71971321105957
18.68158531188965
18.643638610839844
18.60587501525879
18.568294525146484
18.530895233154297
18.493677139282227
18.456640243530273
18.41977882385254
18.383098602294922
18.346593856811523
18.310264587402344
18.274112701416016
18.238134384155273
18.20233154296875
18.166702270507812
18.131244659423828
18.09596061706543
18.060848236083984
18.02590560913086
17.991132736206055
17.95652961730957
17.922094345092773
17.88782501220703
17.853723526000977
17.819787979125977
17.786020278930664
17.752412796020508
17.71897315979004
17.685693740844727
17.652578353881836
17.61962127685547
17.586828231811523
17.5541934967041
17.52172088623047
17.48940658569336
17.45724868774414
17.425249099731445
17.393404006958008
17.361713409423828
17.330181121826172
17.298805236816406
17.267580032348633
17.236509323120117
17.205589294433594
17.174823760986328
17.144207000732422
17.113740921020508
17.083425521850586
17.053258895874023
17.023239135742188
16.99336814880371
16.96364402770996
16.934064865112305
16.904632568359375
16.87534523010254
16.846202850341797
16.81720542907715
16.788349151611328
16.75963592529297
16.73106575012207
16.702632904052734
16.67434310913086
16.64619255065918
16.618181228637695
16.590309143066406
16.56257438659668
16.53497314453125
16.507511138916016
16.480182647705078
16.452991485595703
16.425933837890625
16.399011611938477
16.372222900390625
16.34556770324707
16.31904411315918
16.29265022277832
16.266387939453125
16.240257263183594
16.21425437927246
16.188379287719727
16.162635803222656
16.137020111083984
16.11153221130371
16.08616828918457
16.060932159423828
16.03582191467285
16.01083755493164
15.985974311828613
15.961236953735352
15.936622619628906
15.912130355834961
15.887762069702148
15.863512992858887
15.839385032653809
15.81537914276123
15.791491508483887
15.76772403717041
15.744073867797852
15.72054386138916
15.697131156921387
15.673834800720215
15.650654792785645
15.62759017944336
15.604639053344727
15.581805229187012
15.559083938598633
15.536478042602539
15.513984680175781
15.491605758666992
15.469337463378906
15.44718074798584
15.42513370513916
15.403199195861816
15.38137435913086
15.359657287597656
15.33804988861084
15.316549301147461
15.295160293579102
15.273876190185547
15.252697944641113
15.231629371643066
15.210664749145508
15.189804077148438
15.169049263000488
15.14840030670166
15.127853393554688
15.107410430908203
15.087071418762207
15.066832542419434
15.046696662902832
15.026662826538086
15.006729125976562
14.986895561218262
14.967161178588867
14.947525978088379
14.927990913391113
14.908554077148438
14.889215469360352
14.869976043701172
14.850831985473633
14.83178424835205
14.81283187866211
14.793973922729492
14.775214195251465
14.756549835205078
14.737979888916016
14.719500541687012
14.701115608215332
14.68282413482666
14.66462516784668
14.646516799926758
14.628501892089844
14.610578536987305
14.592744827270508
14.57500171661377
14.557347297668457
14.539782524108887
14.522305488586426
14.504919052124023
14.48762035369873
14.470410346984863
14.453286170959473
14.436246871948242
14.419295310974121
14.402430534362793
14.385650634765625
14.36895751953125
14.352347373962402
14.335821151733398
14.319379806518555
14.303021430969238
14.286746978759766
14.270553588867188
14.254443168640137
14.238415718078613
14.222469329833984
14.206602096557617
14.190817832946777
14.175113677978516
14.159486770629883
14.143939971923828
14.128474235534668
14.113086700439453
14.0977783203125
14.08254337310791
14.067388534545898
14.052311897277832
14.037311553955078
14.022387504577637
14.007538795471191
13.992765426635742
13.978068351745605
13.963446617126465
13.948897361755371
13.93442440032959
13.920025825500488
13.905698776245117
13.891446113586426
13.877264976501465
13.863155364990234
13.849119186401367
13.83515453338623
13.821260452270508
13.807438850402832
13.793685913085938
13.780004501342773
13.766392707824707
13.752850532531738
13.73937702178955
13.725972175598145
13.71263599395752
13.699368476867676
13.686169624328613
13.673036575317383
13.6599702835083
13.64697265625
13.634039878845215
13.621172904968262
13.608372688293457
13.595637321472168
13.582966804504395
13.570362091064453
13.557823181152344
13.5453462600708
13.532934188842773
13.520586013793945
13.508298873901367
13.496076583862305
13.483915328979492
13.471818923950195
13.459783554077148
13.447810173034668
13.435897827148438
13.424046516418457
13.412254333496094
13.40052318572998
13.3888521194458
13.377241134643555
13.365690231323242
13.354199409484863
13.342765808105469
13.33139419555664
13.320077896118164
13.308819770812988
13.29761791229248
13.286474227905273
13.275388717651367
13.264361381530762
13.25339126586914
13.242474555969238
13.23161506652832
13.22081184387207
13.210064888000488
13.199371337890625
13.188733100891113
13.178149223327637
13.167621612548828
13.157146453857422
13.146724700927734
13.136358261108398
13.126043319702148
13.115782737731934
13.105574607849121
13.095420837402344
13.085318565368652
13.075268745422363
13.065268516540527
13.055319786071777
13.04542350769043
13.035575866699219
13.025782585144043
13.016036033630371
13.006341934204102
12.996696472167969
12.987102508544922
12.977556228637695
12.968059539794922
12.958610534667969
12.949213027954102
12.939862251281738
12.930559158325195
12.921303749084473
12.912097930908203
12.902937889099121
12.89382553100586
12.884759902954102
12.875741958618164
12.866769790649414
12.857844352722168
12.848963737487793
12.840130805969238
12.831341743469238
12.822598457336426
12.8139009475708
12.805249214172363
12.796639442443848
12.788076400756836
12.779555320739746
12.771080017089844
12.762648582458496
12.754260063171387
12.745916366577148
12.737613677978516
12.72935676574707
12.721139907836914
12.71296501159668
12.704833984375
12.696745872497559
12.688698768615723
12.680693626403809
12.672728538513184
12.664803504943848
12.65692138671875
12.649079322814941
12.641278266906738
12.633517265319824
12.625794410705566
12.618114471435547
12.610472679138184
12.602869987487793
12.595307350158691
12.587782859802246
12.580299377441406
12.572853088378906
12.565445899963379
12.558077812194824
12.550745964050293
12.54345417022705
12.536198616027832
12.528979301452637
12.521800994873047
12.514657020568848
12.507550239562988
12.500482559204102
12.493450164794922
12.486455917358398
12.47949504852295
12.472569465637207
12.465682029724121
12.458830833435059
12.45201301574707
12.445232391357422
12.438485145568848
12.431774139404297
12.425097465515137
12.41845417022705
12.411847114562988
12.4052734375
12.398734092712402
12.392229080200195
12.385758399963379
12.379319190979004
12.37291431427002
12.36654281616211
12.360203742980957
12.353898048400879
12.347625732421875
12.341383934020996
12.335175514221191
12.329000473022461
12.322854995727539
12.316742897033691
12.310664176940918
12.30461597442627
12.298598289489746
12.292613983154297
12.286659240722656
12.28073501586914
12.27484130859375
12.268978118896484
12.263145446777344
12.257345199584961
12.25157356262207
12.245831489562988
12.240119934082031
12.23443603515625
12.228782653808594
12.22315788269043
12.217564582824707
12.211997985839844
12.206462860107422
12.20095443725586
12.195476531982422
12.190025329589844
12.184603691101074
12.179210662841797
12.173844337463379
12.168505668640137
12.16319465637207
12.157912254333496
12.152657508850098
12.147427558898926
12.142228126525879
12.137053489685059
12.131906509399414
12.126786231994629
12.12169361114502
12.116625785827637
12.111584663391113
12.106568336486816
12.101579666137695
12.096617698669434
12.091679573059082
12.086767196655273
12.081883430480957
12.07702350616455
12.072188377380371
12.067378044128418
12.062594413757324
12.05783462524414
12.053099632263184
12.048388481140137
12.043702125549316
12.039041519165039
12.034405708312988
12.029790878295898
12.025202751159668
12.020638465881348
12.016096115112305
12.011578559875488
12.00708293914795
12.00261116027832
11.998164176940918
11.993739128112793
11.989336967468262
11.98495864868164
11.980603218078613
11.97627067565918
11.971960067749023
11.967671394348145
11.963406562805176
11.959163665771484
11.954941749572754
11.9507417678833
11.946563720703125
11.942408561706543
11.938275337219238
11.934161186218262
11.930069923400879
11.926000595092773
11.921953201293945
11.917924880981445
11.913918495178223
11.909932136535645
11.905965805053711
11.902022361755371
11.898098945617676
11.894195556640625
11.890314102172852
11.886449813842773
11.882607460021973
11.878785133361816
11.874982833862305
11.871198654174805
11.867435455322266
11.863692283630371
11.859969139099121
11.856263160705566
11.852579116821289
11.848912239074707
11.84526538848877
11.841639518737793
11.838030815124512
11.834439277648926
11.830867767333984
11.827314376831055
11.823781967163086
11.820265769958496
11.81676959991455
11.8132905960083
11.809828758239746
11.80638599395752
11.802961349487305
11.799554824829102
11.796164512634277
11.792793273925781
11.789438247680664
11.786099433898926
11.782780647277832
11.77947998046875
11.776195526123047
11.772927284240723
11.769675254821777
11.766441345214844
11.763225555419922
11.760025978088379
11.756841659545898
11.75367546081543
11.750524520874023
11.74738883972168
11.744272232055664
11.741172790527344
11.738088607788086
11.735018730163574
11.731965065002441
11.728928565979004
11.725907325744629
11.72290325164795
11.719915390014648
11.716943740844727
11.713985443115234
11.711042404174805
11.708113670349121
11.7052001953125
11.702303886413574
11.699421882629395
11.696555137634277
11.693704605102539
11.690866470336914
11.688043594360352
11.685234069824219
11.682442665100098
11.679665565490723
11.676901817321777
11.674151420593262
11.671417236328125
11.668696403503418
11.66598892211914
11.66329574584961
11.660618782043457
11.65795612335205
11.655306816101074
11.652669906616211
11.650046348571777
11.647436141967773
11.644840240478516
11.64225959777832
11.639691352844238
11.637136459350586
11.63459587097168
11.632067680358887
11.629551887512207
11.62704849243164
11.624556541442871
11.622082710266113
11.619620323181152
11.617170333862305
11.61473274230957
11.61230754852295
11.609894752502441
11.607495307922363
11.605107307434082
11.602733612060547
11.600371360778809
11.5980224609375
11.595685958862305
11.593360900878906
11.591046333312988
11.588744163513184
11.586453437805176
11.584176063537598
11.58191204071045
11.579658508300781
11.577417373657227
11.575185775756836
11.572969436645508
11.570761680603027
11.568567276000977
11.56638240814209
11.564208030700684
11.56204605102539
11.559897422790527
11.557760238647461
11.555633544921875
11.55351734161377
11.551410675048828
11.549318313598633
11.547235488891602
11.545162200927734
11.543099403381348
11.541048049926758
11.539006233215332
11.536980628967285
11.534963607788086
11.532957077026367
11.530960083007812
11.528972625732422
11.526994705200195
11.525029182434082
11.52307415008545
11.52112865447998
11.51919174194336
11.517266273498535
11.515349388122559
11.513443946838379
11.51154899597168
11.509664535522461
11.50778865814209
11.50592041015625
11.50406265258789
11.502214431762695
11.500377655029297
11.498551368713379
11.496734619140625
11.494927406311035
11.493127822875977
11.491337776184082
11.489557266235352
11.487787246704102
11.4860258102417
11.484272956848145
11.482529640197754
11.480793952941895
11.479068756103516
11.477354049682617
11.475648880004883
11.47395133972168
11.47226333618164
11.47058391571045
11.468911170959473
11.46724796295166
11.465592384338379
11.463947296142578
11.462309837341309
11.460681915283203
11.459060668945312
11.457449913024902
11.45584774017334
11.454253196716309
11.452667236328125
11.451090812683105
11.449522018432617
11.44796085357666
11.446406364440918
11.44486141204834
11.443323135375977
11.441792488098145
11.440271377563477
11.43875789642334
11.437252044677734
11.435755729675293
11.434267044067383
11.432785034179688
11.431309700012207
11.429842948913574
11.428383827209473
11.426934242248535
11.425491333007812
11.424055099487305
11.422627449035645
11.421205520629883
11.419790267944336
11.41838264465332
11.416983604431152
11.415595054626465
11.414213180541992
11.412837028503418
11.411468505859375
11.410106658935547
11.408751487731934
11.407402992248535
11.406061172485352
11.404726028442383
11.403398513793945
11.402079582214355
11.400765419006348
11.399457931518555
11.398158073425293
11.39686393737793
11.39557933807373
11.394299507141113
11.393026351928711
11.391761779785156
11.3905029296875
11.389251708984375
11.388005256652832
11.38676643371582
11.38553237915039
11.384305953979492
11.38308334350586
11.381869316101074
11.380659103393555
11.3794584274292
11.378263473510742
11.377074241638184
11.37589168548584
11.374715805053711
11.373547554016113
11.372384071350098
11.37122631072998
11.370075225830078
11.368928909301758
11.367788314819336
11.366655349731445
11.36552906036377
11.36440658569336
11.363289833068848
11.362180709838867
11.361075401306152
11.359975814819336
11.358880996704102
11.357792854309082
11.356710433959961
11.355632781982422
11.354561805725098
11.353498458862305
11.35244083404541
11.351387977600098
11.350341796875
11.349300384521484
11.348264694213867
11.347232818603516
11.346206665039062
11.345184326171875
11.344167709350586
11.343156814575195
11.34215259552002
11.34115219116211
11.340157508850098
11.339167594909668
11.33818244934082
11.337202072143555
11.336227416992188
11.335256576538086
11.334291458129883
11.333332061767578
11.332378387451172
11.331429481506348
11.330488204956055
11.32955265045166
11.328620910644531
11.327692031860352
11.326767921447754
11.325848579406738
11.324934005737305
11.32402515411377
11.3231201171875
11.322219848632812
11.321322441101074
11.320429801940918
11.31954288482666
11.318660736083984
11.31778621673584
11.316913604736328
11.316044807434082
11.315181732177734
11.314324378967285
11.313467979431152
11.312617301940918
11.311774253845215
11.310934066772461
11.310097694396973
11.309267044067383
11.308439254760742
11.307615280151367
11.30679702758789
11.305984497070312
11.305174827575684
11.304370880126953
11.303568840026855
11.30277156829834
11.30197811126709
11.301188468933105
11.300403594970703
11.299620628356934
11.298843383789062
11.29806900024414
11.297298431396484
11.29653263092041
11.295769691467285
11.295011520385742
11.294257164001465
11.293508529663086
11.292762756347656
11.292021751403809
11.291284561157227
11.290553092956543
11.289824485778809
11.289100646972656
11.288379669189453
11.2876615524292
11.286947250366211
11.286236763000488
11.285530090332031
11.284825325012207
11.284126281738281
11.283429145812988
11.282735824584961
11.282048225402832
11.281365394592285
11.280685424804688
11.280007362365723
11.27933406829834
11.278663635253906
11.277996063232422
11.277332305908203
11.276671409606934
11.276013374328613
11.275359153747559
11.27470874786377
11.274060249328613
11.273415565490723
11.272774696350098
11.272136688232422
11.271501541137695
11.270869255065918
11.270241737365723
11.269620895385742
11.269002914428711
11.268387794494629
11.267776489257812
11.267167091369629
11.266561508178711
11.265958786010742
11.265358924865723
11.264761924743652
11.264167785644531
11.26357650756836
11.262989044189453
11.262402534484863
11.261820793151855
11.26124095916748
11.260663032531738
11.260089874267578
11.259517669677734
11.258950233459473
11.25838565826416
11.257823944091797
11.2572660446167
11.256711959838867
11.256159782409668
11.255610466003418
11.255064010620117
11.254520416259766
11.253979682922363
11.25344181060791
11.25290584564209
11.252371788024902
11.25184154510498
11.251314163208008
11.250788688659668
11.250266075134277
11.249746322631836
11.24923038482666
11.248717308044434
11.248207092285156
11.247699737548828
11.247194290161133
11.24669075012207
11.246190071105957
11.24569320678711
11.245200157165527
11.244709968566895
11.244221687316895
11.243735313415527
11.24325180053711
11.24277114868164
11.242292404174805
11.241816520690918
11.24134349822998
11.24087142944336
11.240403175354004
11.239935874938965
11.239470481872559
11.239007949829102
11.238547325134277
11.238089561462402
11.237634658813477
11.237181663513184
11.23673152923584
11.236282348632812
11.235835075378418
11.235390663146973
11.234949111938477
11.234509468078613
11.234071731567383
11.233635902404785
11.23320484161377
11.232776641845703
11.232349395751953
11.231924057006836
11.231501579284668
11.23108196258545
11.230663299560547
11.230246543884277
11.229832649230957
11.22942066192627
11.229010581970215
11.228602409362793
11.228196144104004
11.227794647216797
11.227394104003906
11.226996421813965
11.226600646972656
11.22620677947998
11.225814819335938
11.225423812866211
11.225035667419434
11.224650382995605
11.224265098571777
11.223883628845215
11.223502159118652
11.223124504089355
11.222746849060059
11.222372055053711
11.22199821472168
11.221627235412598
11.221260070800781
11.220894813537598
11.220531463623047
11.220170021057129
11.219809532165527
11.219450950622559
11.219094276428223
11.218740463256836
11.218387603759766
11.218036651611328
11.217686653137207
11.217339515686035
11.216992378234863
11.21664810180664
11.216306686401367
11.21596622467041
11.21562671661377
11.215290069580078
11.214954376220703
11.214619636535645
11.214287757873535
11.213956832885742
11.213626861572266
11.213299751281738
11.212973594665527
11.21264934539795
11.212327003479004
11.212005615234375
11.211686134338379
11.211368560791016
11.211052894592285
11.210737228393555
11.21042537689209
11.210113525390625
11.209803581237793
11.209494590759277
11.209187507629395
11.208884239196777
11.208582878112793
11.208282470703125
11.207984924316406
11.207687377929688
11.207391738891602
11.207097053527832
11.206806182861328
11.20651626586914
11.206228256225586
11.20594310760498
11.205657005310059
11.205373764038086
11.20509147644043
11.204811096191406
11.2045316696167
11.204253196716309
11.203977584838867
11.20370101928711
11.203428268432617
11.203154563903809
11.20288372039795
11.202613830566406
11.20234489440918
11.202077865600586
11.201811790466309
11.20154857635498
11.201284408569336
11.20102310180664
11.200761795043945
11.2005033493042
11.200244903564453
11.19998836517334
11.199731826782227
11.199478149414062
11.199225425720215
11.198973655700684
11.198723793029785
11.198474884033203
11.198225021362305
11.197978973388672
11.197733879089355
11.197489738464355
11.197246551513672
11.197004318237305
11.196765899658203
11.196528434753418
11.19629192352295
11.196057319641113
11.195822715759277
11.19559097290039
11.195359230041504
11.19512939453125
11.194900512695312
11.194671630859375
2.6
2.6834871768951416
2.722869873046875
2.7617528438568115
2.8002004623413086
2.8382656574249268
2.8759922981262207
2.9134185314178467
2.950573444366455
2.987482786178589
3.024167060852051
3.0606443881988525
3.096928596496582
3.133033275604248
3.1689672470092773
3.2047393321990967
3.2403573989868164
3.2758264541625977
3.311152458190918
3.346339702606201
3.381391763687134
3.4163122177124023
3.451103448867798
3.4857678413391113
3.5203073024749756
3.5547235012054443
3.5890181064605713
3.623192310333252
3.65724778175354
3.691185474395752
3.725006103515625
3.7587106227874756
3.792299747467041
3.8257739543914795
3.8591344356536865
3.892381191253662
3.9255154132843018
3.9585378170013428
3.991448163986206
4.024247169494629
4.056935787200928
4.089514255523682
4.121983051300049
4.154342174530029
4.186592102050781
4.218733787536621
4.250767707824707
4.282693386077881
4.314511775970459
4.346223831176758
4.377828121185303
4.409327507019043
4.440720558166504
4.472007751464844
4.503190994262695
4.534269332885742
4.565243721008301
4.596114158630371
4.626880645751953
4.657543659210205
4.688104152679443
4.718562602996826
4.748918056488037
4.779172420501709
4.809325218200684
4.839377403259277
4.869328022003174
4.899178504943848
4.928929328918457
4.95858097076416
4.988132953643799
5.01763916015625
5.046981334686279
5.076235771179199
5.105390548706055
5.1344451904296875
5.163400173187256
5.192255020141602
5.221011638641357
5.24967098236084
5.278232097625732
5.306695938110352
5.335063934326172
5.363336086273193
5.391511917114258
5.419592380523682
5.447579383850098
5.475471496582031
5.503270149230957
5.530975341796875
5.558587551116943
5.5861077308654785
5.613534450531006
5.640870094299316
5.6681132316589355
5.695265769958496
5.72232723236084
5.749298572540283
5.77617883682251
5.802969455718994
5.829671382904053
5.856282711029053
5.882805824279785
5.90924072265625
5.935586452484131
5.9618449211120605
5.988015651702881
6.01409912109375
6.04009485244751
6.066004276275635
6.091827869415283
6.117564678192139
6.143214702606201
6.168780326843262
6.194260120391846
6.2196550369262695
6.244965553283691
6.270190715789795
6.295331954956055
6.320389747619629
6.345364093780518
6.370254993438721
6.395063400268555
6.4197893142700195
6.444431781768799
6.468992233276367
6.493471622467041
6.517868518829346
6.542184829711914
6.566420078277588
6.590571880340576
6.614634037017822
6.638602256774902
6.662471771240234
6.686240196228027
6.709904193878174
6.733460426330566
6.7569098472595215
6.780247688293457
6.803472518920898
6.826584815979004
6.849582195281982
6.87246561050415
6.895233154296875
6.917884349822998
6.940419673919678
6.962839126586914
6.985141277313232
7.007327556610107
7.029397487640381
7.0513505935668945
7.073188304901123
7.09490966796875
7.11651611328125
7.138007164001465
7.159383773803711
7.180646896362305
7.20179557800293
7.222830772399902
7.243753433227539
7.26456356048584
7.2852630615234375
7.305850028991699
7.3263258934021
7.34669303894043
7.366950035095215
7.3870978355407715
7.4071364402771
7.427067756652832
7.446891784667969
7.46660852432251
7.48621940612793
7.505724906921387
7.525125026702881
7.544419765472412
7.563610553741455
7.582698345184326
7.601683139801025
7.620565414428711
7.639346122741699
7.658025741577148
7.676603317260742
7.69508171081543
7.7134599685668945
7.731739521026611
7.749919891357422
7.768002033233643
7.785987377166748
7.8038763999938965
7.82166862487793
7.839364528656006
7.856965065002441
7.874471187591553
7.891883373260498
7.909201622009277
7.926426887512207
7.943559169769287
7.960599422454834
7.977547645568848
7.994404315948486
8.01116943359375
8.027846336364746
8.044432640075684
8.060928344726562
8.077337265014648
8.093657493591309
8.10988998413086
8.1260347366333
8.142093658447266
8.158064842224121
8.173951148986816
8.189752578735352
8.205469131469727
8.221099853515625
8.236647605895996
8.252111434936523
8.267492294311523
8.282790184020996
8.298007011413574
8.313141822814941
8.328195571899414
8.343168258666992
8.358059883117676
8.372872352600098
8.387605667114258
8.40225887298584
8.416834831237793
8.4313325881958
8.445752143859863
8.460094451904297
8.474359512329102
8.488548278808594
8.50266170501709
8.516698837280273
8.530660629272461
8.544547080993652
8.55836009979248
8.572098731994629
8.585763931274414
8.599356651306152
8.612874984741211
8.626320838928223
8.63969612121582
8.652998924255371
8.666231155395508
8.67939281463623
8.692483901977539
8.705504417419434
8.718456268310547
8.731338500976562
8.74415111541748
8.756896018981934
8.769572257995605
8.782180786132812
8.794722557067871
8.807196617126465
8.819604873657227
8.83194637298584
8.844222068786621
8.85643196105957
8.868576049804688
8.880656242370605
8.892671585083008
8.904623031616211
8.916510581970215
8.92833423614502
8.940094947814941
8.95179271697998
8.963427543640137
8.97499942779541
8.98651123046875
8.997961044311523
9.00934886932373
9.02067756652832
9.03194522857666
9.04315185546875
9.054299354553223
9.065386772155762
9.076416015625
9.087386131286621
9.098297119140625
9.109150886535645
9.119946479797363
9.130684852600098
9.141366004943848
9.151989936828613
9.162557601928711
9.17306900024414
9.183524131774902
9.193922996520996
9.204266548156738
9.214555740356445
9.2247896194458
9.234970092773438
9.245095252990723
9.255166053771973
9.26518440246582
9.275148391723633
9.285058975219727
9.294918060302734
9.304723739624023
9.31447696685791
9.324179649353027
9.333830833435059
9.343429565429688
9.35297679901123
9.36247444152832
9.371920585632324
9.381316184997559
9.39066219329834
9.399959564208984
9.40920639038086
9.418403625488281
9.427552223205566
9.436652183532715
9.445704460144043
9.454708099365234
9.463664054870605
9.472573280334473
9.481433868408203
9.49024772644043
9.499014854431152
9.507734298706055
9.516408920288086
9.52503776550293
9.53361988067627
9.542156219482422
9.550647735595703
9.559094429016113
9.567495346069336
9.575852394104004
9.5841646194458
9.592432975769043
9.60065746307373
9.608837127685547
9.616974830627441
9.625069618225098
9.633119583129883
9.641128540039062
9.649093627929688
9.65701675415039
9.664898872375488
9.672738075256348
9.680535316467285
9.688291549682617
9.69600772857666
9.703681945800781
9.711316108703613
9.71890926361084
9.726462364196777
9.733975410461426
9.741447448730469
9.748881340026855
9.756275177001953
9.763630867004395
9.770947456359863
9.778223991394043
9.785463333129883
9.792662620544434
9.799825668334961
9.806949615478516
9.814035415649414
9.821084022521973
9.828095436096191
9.83506965637207
9.84200668334961
9.848906517028809
9.8557710647583
9.862598419189453
9.869390487670898
9.876144409179688
9.882863998413086
9.889547348022461
9.896196365356445
9.902809143066406
9.909387588500977
9.91593074798584
9.922439575195312
9.928914070129395
9.935354232788086
9.941761016845703
9.948132514953613
9.954469680786133
9.960774421691895
9.967045783996582
9.973283767700195
9.97948932647705
9.985662460327148
9.991802215576172
9.997909545898438
10.003984451293945
10.010026931762695
10.016037940979004
10.022016525268555
10.02796459197998
10.033880233764648
10.039764404296875
10.045618057250977
10.051440238952637
10.057231903076172
10.062993049621582
10.06872272491455
10.074422836303711
10.080093383789062
10.085733413696289
10.091343879699707
10.096923828125
10.1024751663208
10.107996940612793
10.113489151000977
10.118952751159668
10.12438678741455
10.129793167114258
10.13516902923584
10.140518188476562
10.145838737487793
10.151130676269531
10.15639591217041
10.16163158416748
10.166841506958008
10.172022819519043
10.177176475524902
10.182303428649902
10.187402725219727
10.192476272583008
10.197522163391113
10.202540397644043
10.20753288269043
10.212499618530273
10.217439651489258
10.222354888916016
10.227242469787598
10.232105255126953
10.236942291259766
10.241752624511719
10.246538162231445
10.251298904418945
10.256034851074219
10.260743141174316
10.26542854309082
10.270089149475098
10.274724960327148
10.279336929321289
10.283924102783203
10.288487434387207
10.2930269241333
10.297542572021484
10.302033424377441
10.306500434875488
10.310943603515625
10.315364837646484
10.31976318359375
10.324136734008789
10.328487396240234
10.332813262939453
10.337118148803711
10.341401100158691
10.345661163330078
10.349897384643555
10.35411262512207
10.358304023742676
10.36247444152832
10.36662483215332
10.370749473571777
10.374853134155273
10.378936767578125
10.382996559143066
10.38703727722168
10.391057968139648
10.395054817199707
10.399030685424805
10.402985572814941
10.4069185256958
10.410832405090332
10.414726257324219
10.418597221374512
10.422450065612793
10.42628288269043
10.430093765258789
10.43388557434082
10.437658309936523
10.441410064697266
10.44513988494873
10.4488525390625
10.452545166015625
10.456217765808105
10.45987319946289
10.463506698608398
10.467120170593262
10.47071647644043
10.474294662475586
10.477852821350098
10.481392860412598
10.484914779663086
10.488417625427246
10.491900444030762
10.495366096496582
10.498814582824707
10.50224494934082
10.505656242370605
10.509048461914062
10.51242446899414
10.51578140258789
10.519121170043945
10.522444725036621
10.525752067565918
10.529037475585938
10.532306671142578
10.53555965423584
10.53879451751709
10.542014122009277
10.545215606689453
10.548402786254883
10.551570892333984
10.55472183227539
10.557854652404785
10.56097412109375
10.564075469970703
10.567160606384277
10.570230484008789
10.573286056518555
10.576321601867676
10.579341888427734
10.582345962524414
10.585335731506348
10.588308334350586
10.591265678405762
10.594208717346191
10.597135543823242
10.600046157836914
10.602940559387207
10.60582160949707
10.608688354492188
10.611539840698242
10.614376068115234
10.617197036743164
10.620003700256348
10.622795104980469
10.625570297241211
10.628331184387207
10.631078720092773
10.633811950683594
10.636531829833984
10.639235496520996
10.641925811767578
10.644600868225098
10.647262573242188
10.649909019470215
10.652542114257812
10.655163764953613
10.657771110534668
10.66036319732666
10.662942886352539
10.665506362915039
10.668057441711426
10.670595169067383
10.67311954498291
10.675630569458008
10.678129196166992
10.68061637878418
10.683089256286621
10.685548782348633
10.687993049621582
10.690424919128418
10.692845344543457
10.695253372192383
10.697649002075195
10.700030326843262
10.702401161193848
10.70475959777832
10.70710563659668
10.709437370300293
10.711756706237793
10.71406364440918
10.716360092163086
10.718645095825195
10.720917701721191
10.723176956176758
10.725425720214844
10.727662086486816
10.729888916015625
10.732100486755371
10.734301567077637
10.736489295959473
10.738666534423828
10.740833282470703
10.742989540100098
10.745135307312012
10.74726676940918
10.749387741088867
10.751500129699707
10.753597259521484
10.755684852600098
10.757761001586914
10.75982666015625
10.761881828308105
10.763925552368164
10.765958786010742
10.767983436584473
10.76999568939209
10.771998405456543
10.773990631103516
10.775970458984375
10.77794075012207
10.779900550842285
10.781851768493652
10.78378963470459
10.78571891784668
10.787637710571289
10.789546966552734
10.791446685791016
10.793336868286133
10.795217514038086
10.797085762023926
10.798943519592285
10.80079174041748
10.802631378173828
10.804462432861328
10.806283950805664
10.808093070983887
10.809894561767578
10.811686515808105
10.813469886779785
10.815244674682617
10.817009925842285
10.818765640258789
10.82050895690918
10.822243690490723
10.823969841003418
10.825687408447266
10.827396392822266
10.829097747802734
10.830789566040039
10.83247184753418
10.834145545959473
10.835810661315918
10.837467193603516
10.839115142822266
10.840754508972168
10.84238338470459
10.844002723693848
10.845613479614258
10.847217559814453
10.8488130569458
10.850400924682617
10.851981163024902
10.85355281829834
10.855116844177246
10.856671333312988
10.858217239379883
10.859755516052246
10.861286163330078
10.862808227539062
10.864322662353516
10.865828514099121
10.867327690124512
10.868817329406738
10.8702974319458
10.871771812438965
10.873239517211914
10.874699592590332
10.876152038574219
10.87759780883789
10.879034996032715
10.880463600158691
10.881884574890137
10.883298873901367
10.884705543518066
10.886103630065918
10.887494087219238
10.888877868652344
10.890254974365234
10.89162540435791
10.892987251281738
10.894340515136719
10.8956880569458
10.897029876708984
10.898364067077637
10.89969253540039
10.90101432800293
10.902328491210938
10.903637886047363
10.904937744140625
10.906229019165039
10.907513618469238
10.908791542053223
10.910061836242676
10.911328315734863
10.912586212158203
10.913839340209961
10.915084838867188
10.916324615478516
10.917555809020996
10.918781280517578
10.920001029968262
10.92121410369873
10.9224214553833
10.923624038696289
10.924818992614746
10.926009178161621
10.927193641662598
10.92836856842041
10.929536819458008
10.93069839477539
10.931854248046875
10.933005332946777
10.934148788452148
10.935287475585938
10.936422348022461
10.937548637390137
10.93867015838623
10.939786911010742
10.940897941589355
10.942000389099121
10.943098068237305
10.94419002532959
10.94527816772461
10.946359634399414
10.94743537902832
10.948505401611328
10.949569702148438
10.950628280639648
10.951682090759277
10.952728271484375
10.953766822814941
10.954800605773926
10.955829620361328
10.956853866577148
10.957873344421387
10.958888053894043
10.9598970413208
10.960902214050293
10.961901664733887
10.962896347045898
10.963886260986328
10.964871406555176
10.965848922729492
10.966822624206543
10.967790603637695
10.968753814697266
10.969711303710938
10.970664978027344
10.971611976623535
10.972553253173828
10.973489761352539
10.974421501159668
10.975350379943848
10.976274490356445
10.977193832397461
10.978105545043945
10.979012489318848
10.979914665222168
10.980813026428223
10.981707572937012
10.982597351074219
10.983482360839844
10.984362602233887
10.985239028930664
10.986111640930176
10.986979484558105
10.987842559814453
10.988700866699219
10.989555358886719
10.99040412902832
10.991247177124023
10.992087364196777
10.992921829223633
10.99375057220459
10.994574546813965
10.995396614074707
10.99621295928955
10.997026443481445
10.997835159301758
10.998640060424805
10.999441146850586
11.000237464904785
11.001029968261719
11.001818656921387
11.00260066986084
11.003379821777344
11.004155158996582
11.004926681518555
11.005694389343262
11.006457328796387
11.007217407226562
11.007973670959473
11.008726119995117
11.009474754333496
11.010220527648926
11.010961532592773
11.011698722839355
11.012433052062988
11.013162612915039
11.01388931274414
11.014609336853027
11.015323638916016
11.016035079956055
11.016742706298828
11.017447471618652
11.018148422241211
11.018844604492188
11.019539833068848
11.02022933959961
11.020916938781738
11.021599769592285
11.022279739379883
11.022957801818848
11.02363109588623
11.024301528930664
11.024969100952148
11.02563190460205
11.026290893554688
11.026945114135742
11.027597427368164
11.02824592590332
11.028891563415527
11.029533386230469
11.030172348022461
11.030807495117188
11.031439781188965
11.032069206237793
11.032694816589355
11.033317565917969
11.033937454223633
11.034554481506348
11.035168647766113
11.035778999328613
11.036383628845215
11.036985397338867
11.037585258483887
11.038182258605957
11.038772583007812
11.039361000061035
11.039945602416992
11.040528297424316
11.041108131408691
11.041685104370117
11.042259216308594
11.042830467224121
11.043397903442383
11.043963432312012
11.044526100158691
11.045086860656738
11.045642852783203
11.046196937561035
11.046749114990234
11.047298431396484
11.047843933105469
11.04838752746582
11.048928260803223
11.049466133117676
11.050002098083496
11.050533294677734
11.051060676574707
11.05158519744873
11.052107810974121
11.052627563476562
11.053145408630371
11.05366039276123
11.054173469543457
11.054682731628418
11.05518913269043
11.055692672729492
11.056195259094238
11.056694030761719
11.057190895080566
11.057683944702148
11.058173179626465
11.058660507202148
11.059144973754883
11.0596284866333
11.060110092163086
11.060587882995605
11.061063766479492
11.061537742614746
11.06200885772705
11.062478065490723
11.062942504882812
11.063404083251953
11.063863754272461
11.064319610595703
11.064775466918945
11.065228462219238
11.065678596496582
11.066126823425293
11.066572189331055
11.0670166015625
11.067458152770996
11.06789779663086
11.068334579467773
11.068769454956055
11.069202423095703
11.069633483886719
11.070061683654785
11.070488929748535
11.070914268493652
11.07133674621582
11.071756362915039
11.072174072265625
11.072589874267578
11.073003768920898
11.073415756225586
11.07382583618164
11.074233055114746
11.074638366699219
11.075040817260742
11.075440406799316
11.075838088989258
11.076233863830566
11.076626777648926
11.077018737792969
11.077407836914062
11.07779598236084
11.078182220458984
11.07856559753418
11.078946113586426
11.079324722290039
11.079700469970703
11.080074310302734
11.080446243286133
11.080817222595215
11.081186294555664
11.081552505493164
11.081917762756348
11.082281112670898
11.082642555236816
11.083001136779785
11.083358764648438
11.083715438842773
11.08406925201416
11.08442211151123
11.084773063659668
11.085122108459473
11.085468292236328
11.085813522338867
11.08615779876709
11.08650016784668
11.086840629577637
11.087179183959961
11.087512969970703
11.087846755981445
11.088178634643555
11.088507652282715
11.088836669921875
11.089163780212402
11.08948802947998
11.089811325073242
11.090133666992188
11.0904541015625
11.09077262878418
11.091090202331543
11.091404914855957
11.091718673706055
11.092031478881836
11.092341423034668
11.0926513671875
11.092958450317383
11.093265533447266
11.093570709228516
11.093873023986816
11.0941743850708
11.094474792480469
11.094772338867188
11.095070838928223
11.095365524291992
11.095660209655762
11.095952987670898
11.096243858337402
11.09653377532959
11.096821784973145
11.097108840942383
11.097394943237305
11.097679138183594
11.097962379455566
11.09824275970459
11.098523139953613
11.098800659179688
11.099078178405762
11.099352836608887
11.099624633789062
11.099896430969238
11.100164413452148
11.100431442260742
11.100695610046387
11.100958824157715
11.10122013092041
11.101481437683105
11.101740837097168
11.101999282836914
11.102255821228027
11.10251235961914
11.102766036987305
11.103019714355469
11.103271484375
11.103522300720215
11.103772163391113
11.104021072387695
11.104267120361328
11.104514122009277
11.104758262634277
11.105002403259277
11.105243682861328
11.105485916137695
11.105725288391113
11.105963706970215
11.106201171875
11.106437683105469
11.106672286987305
11.10690689086914
11.107138633728027
11.107370376586914
11.107600212097168
11.107829093933105
11.10805606842041
11.108283042907715
11.108509063720703
11.108734130859375
11.108957290649414
11.109179496765137
11.10940170288086
11.109621047973633
11.109841346740723
11.110058784484863
11.110275268554688
11.110491752624512
11.110706329345703
11.110919952392578
11.111132621765137
11.111345291137695
11.111554145812988
11.111761093139648
11.111967086791992
11.11217212677002
11.11237621307373
11.112579345703125
11.112781524658203
11.112982749938965
11.11318302154541
11.113382339477539
11.113579750061035
11.113778114318848
11.113972663879395
11.114168167114258
11.114363670349121
11.114556312561035
11.114749908447266
11.114941596984863
11.115131378173828
11.11532211303711
11.115509986877441
11.115697860717773
11.115884780883789
11.116070747375488
11.116255760192871
11.116438865661621
11.116621971130371
11.116804122924805
11.116984367370605
11.117165565490723
11.117344856262207
11.117523193359375
11.117701530456543
11.117877006530762
11.11805248260498
11.118228912353516
11.118401527404785
11.118575096130371
11.118748664855957
11.118919372558594
11.11909008026123
11.11925983428955
11.119428634643555
11.119596481323242
11.11976432800293
11.119930267333984
11.120096206665039
11.120261192321777
11.120424270629883
11.120588302612305
11.120750427246094
11.120911598205566
11.121072769165039
11.121232986450195
11.121391296386719
11.121549606323242
11.121707916259766
11.121861457824707
11.122014999389648
11.12216854095459
11.122320175170898
11.122471809387207
11.122623443603516
11.122772216796875
11.122920989990234
11.123069763183594
11.123217582702637
11.123364448547363
11.123510360717773
11.1236572265625
11.123799324035645
11.123941421508789
11.124082565307617
11.124224662780762
11.124363899230957
11.124503135681152
11.124642372131348
11.12477970123291
11.124917030334473
11.125053405761719
11.125189781188965
11.125324249267578
11.125458717346191
11.125593185424805
11.125727653503418
11.125859260559082
11.125990867614746
11.12612247467041
11.126253128051758
11.126382827758789
11.12651252746582
11.126641273498535
11.12677001953125
11.126896858215332
11.127023696899414
11.127150535583496
11.127276420593262
11.127400398254395
11.127525329589844
11.127650260925293
11.12777328491211
11.12789535522461
11.12801742553711
11.12813949584961
11.128260612487793
11.128379821777344
11.128499031066895
11.128619194030762
11.128737449645996
11.128854751586914
11.128972053527832
11.12908935546875
11.129204750061035
11.12932014465332
11.129434585571289
11.129549026489258
11.129664421081543
11.129776000976562
11.129888534545898
11.130001068115234
11.13011360168457
11.130223274230957
11.130332946777344
11.13044261932373
11.130552291870117
11.130661010742188
11.130768775939941
11.130876541137695
11.130983352661133
11.131091117858887
11.131196022033691
11.131300926208496
11.1314058303833
11.131510734558105
11.13161563873291
11.131718635559082
11.131820678710938
a
-2.6506423950195312
-2.698802947998047
-2.7435302734375
-2.7853965759277344
-2.8242111206054688
-2.860546112060547
-2.8942108154296875
-2.925395965576172
-2.954387664794922
-2.9809951782226562
-3.0058860778808594
-3.0284881591796875
-3.0493736267089844
-3.0683517456054688
-3.0859947204589844
-3.1015396118164062
-3.1157493591308594
-3.1281471252441406
-3.1393051147460938
-3.148937225341797
-3.157520294189453
-3.1646728515625
-3.1705856323242188
-3.1755447387695312
-3.179454803466797
-3.182506561279297
-3.1844139099121094
-3.185558319091797
-3.185749053955078
-3.1853675842285156
-3.1841278076171875
-3.1824111938476562
-3.179645538330078
-3.176593780517578
-3.1726837158203125
-3.168487548828125
-3.163623809814453
-3.158283233642578
-3.1524658203125
-3.1463623046875
-3.139781951904297
-3.13262939453125
-3.1250953674316406
-3.1177520751953125
-3.109455108642578
-3.1014442443847656
-3.092670440673828
-3.0837059020996094
-3.0747413635253906
-3.0652999877929688
-3.0556678771972656
-3.0460357666015625
-3.036022186279297
-3.02581787109375
-3.015613555908203
-3.0054092407226562
-2.9946327209472656
-2.9840469360351562
-2.9729843139648438
-2.9623985290527344
-2.951335906982422
-2.939891815185547
-2.9288291931152344
-2.9173851013183594
-2.9062271118164062
-2.8946876525878906
-2.883148193359375
-2.8717041015625
-2.859973907470703
-2.8484344482421875
-2.8367996215820312
-2.824878692626953
-2.813243865966797
-2.801513671875
-2.7896881103515625
-2.777862548828125
-2.766132354736328
-2.7541160583496094
-2.7425765991210938
-2.7304649353027344
-2.718639373779297
-2.7070045471191406
-2.695178985595703
-2.6830673217773438
-2.6714324951171875
-2.65960693359375
-2.6479721069335938
-2.6361465454101562
-2.62451171875
-2.6124954223632812
-2.600860595703125
-2.5892257690429688
-2.5774002075195312
-2.5659561157226562
-2.5544166564941406
-2.5426864624023438
-2.531147003173828
-2.5197982788085938
-2.508258819580078
-2.4965286254882812
-2.4849891662597656
-2.473735809326172
-2.462291717529297
-2.451038360595703
-2.4396896362304688
-2.4283409118652344
-2.4170875549316406
-2.4059295654296875
-2.394866943359375
-2.383899688720703
-2.3729324340820312
-2.3618698120117188
-2.3508071899414062
-2.3398399353027344
-2.3286819458007812
-2.31781005859375
-2.3070335388183594
-2.2962570190429688
-2.2855758666992188
-2.2747039794921875
-2.264118194580078
-2.2533416748046875
-2.242755889892578
-2.2321701049804688
-2.2216796875
-2.211284637451172
-2.200603485107422
-2.190399169921875
-2.180004119873047
-2.1696090698242188
-2.159404754638672
-2.149200439453125
-2.1389007568359375
-2.1287918090820312
-2.1185874938964844
-2.1085739135742188
-2.098560333251953
-2.088642120361328
-2.078533172607422
-2.068805694580078
-2.0587921142578125
-2.0490646362304688
-2.0392417907714844
-2.0294189453125
-2.019786834716797
-2.010059356689453
-2.0005226135253906
-1.9907951354980469
-1.981353759765625
-1.9719123840332031
-1.9623756408691406
-1.9530296325683594
-1.9434928894042969
-1.9342422485351562
-1.924896240234375
-1.9156455993652344
-1.9063949584960938
-1.8973350524902344
-1.8881797790527344
-1.8790245056152344
-1.869964599609375
-1.8609046936035156
-1.8518447875976562
-1.8430709838867188
-1.8340110778808594
-1.8252372741699219
-1.8164634704589844
-1.8075942993164062
-1.7989158630371094
-1.7901420593261719
-1.781463623046875
-1.7728805541992188
-1.7642021179199219
-1.7556190490722656
-1.74713134765625
-1.7386436462402344
-1.7301559448242188
-1.7217636108398438
-1.7134666442871094
-1.7050743103027344
-1.69677734375
-1.688385009765625
-1.6803741455078125
-1.6719818115234375
-1.663970947265625
-1.6557693481445312
-1.6478538513183594
-1.6396522521972656
-1.6317367553710938
-1.6236305236816406
-1.6157150268554688
-1.6078948974609375
-1.5999794006347656
-1.592254638671875
-1.5844345092773438
-1.5766143798828125
-1.5687942504882812
-1.5612602233886719
-1.5535354614257812
-1.5460014343261719
-1.5382766723632812
-1.5308380126953125
-1.5233039855957031
-1.5157699584960938
-1.508331298828125
-1.5009880065917969
-1.4935493469238281
-1.4862060546875
-1.4789581298828125
-1.4716148376464844
-1.4643669128417969
-1.4571189880371094
-1.4498710632324219
-1.4428138732910156
-1.4356613159179688
-1.4285087585449219
-1.4216423034667969
-1.41448974609375
-1.4075279235839844
-1.4005661010742188
-1.3936042785644531
-1.3867378234863281
-1.3800621032714844
-1.3731002807617188
-1.366424560546875
-1.35955810546875
-1.3528823852539062
-1.3461112976074219
-1.3394355773925781
-1.3327598571777344
-1.3261795043945312
-1.3196945190429688
-1.3131141662597656
-1.3065338134765625
-1.3001441955566406
-1.2937545776367188
-1.2871742248535156
-1.2807846069335938
-1.2743949890136719
-1.2681961059570312
-1.2618064880371094
-1.2555122375488281
-1.2492179870605469
-1.2431621551513672
-1.236867904663086
-1.2307167053222656
-1.2246131896972656
-1.218414306640625
-1.212453842163086
-1.2063980102539062
-1.2002944946289062
-1.1943817138671875
-1.1883735656738281
-1.1825084686279297
-1.1765003204345703
-1.1706352233886719
-1.1648178100585938
-1.1590003967285156
-1.1532306671142578
-1.1475563049316406
-1.1416912078857422
-1.1360645294189453
-1.1302947998046875
-1.1246681213378906
-1.1189460754394531
-1.1134147644042969
-1.1078357696533203
-1.1023521423339844
-1.0967254638671875
-1.0912418365478516
-1.0858535766601562
-1.0803699493408203
-1.0750293731689453
-1.0694503784179688
-1.0642051696777344
-1.0589122772216797
-1.0534286499023438
-1.0482311248779297
-1.0430335998535156
-1.037740707397461
-1.0324478149414062
-1.0273456573486328
-1.0221481323242188
-1.0169506072998047
-1.0119438171386719
-1.0067939758300781
-1.0016918182373047
-0.9966850280761719
-0.9916782379150391
-0.9867191314697266
-0.9817600250244141
-0.9767532348632812
-0.9718418121337891
-0.9669303894042969
-0.9619712829589844
-0.9572029113769531
-0.9523868560791016
-0.9476184844970703
-0.9428501129150391
-0.9379863739013672
-0.9332180023193359
-0.928497314453125
-0.9239673614501953
-0.9192466735839844
-0.9145736694335938
-0.9099483489990234
-0.9054183959960938
-0.9007453918457031
-0.8961677551269531
-0.8916854858398438
-0.8871555328369141
-0.882720947265625
-0.8782386779785156
-0.8738517761230469
-0.8693218231201172
-0.8649349212646484
-0.8605003356933594
-0.8562088012695312
-0.8519649505615234
-0.8475780487060547
-0.8432388305664062
-0.8389949798583984
-0.83465576171875
-0.8305072784423828
-0.8263111114501953
-0.8220672607421875
-0.8179187774658203
-0.8137226104736328
-0.8096694946289062
-0.8055210113525391
-0.8013725280761719
-0.7973194122314453
-0.7933616638183594
-0.7892131805419922
-0.7852077484130859
-0.7813453674316406
-0.7773399353027344
-0.7732868194580078
-0.7693767547607422
-0.7654190063476562
-0.7617473602294922
-0.7577419281005859
-0.7538318634033203
-0.7500171661376953
-0.7462024688720703
-0.7424354553222656
-0.7386684417724609
-0.7348537445068359
-0.7310867309570312
-0.7274627685546875
-0.7236480712890625
-0.7199287414550781
-0.7163524627685547
-0.7126331329345703
-0.7090568542480469
-0.7054805755615234
-0.7018089294433594
-0.6982326507568359
-0.6947040557861328
-0.6910800933837891
-0.6876468658447266
-0.6840705871582031
-0.6805896759033203
-0.6771087646484375
-0.673675537109375
-0.6702423095703125
-0.66680908203125
-0.6633758544921875
-0.659942626953125
-0.6566524505615234
-0.6533145904541016
-0.6498813629150391
-0.6466388702392578
-0.6433486938476562
-0.6400108337402344
-0.6367683410644531
-0.6335258483886719
-0.6302356719970703
-0.6269454956054688
-0.6238460540771484
-0.6206035614013672
-0.6174087524414062
-0.6143569946289062
-0.611114501953125
-0.608062744140625
-0.6048202514648438
-0.6017684936523438
-0.5986690521240234
-0.5956172943115234
-0.5925655364990234
-0.5896091461181641
-0.5865573883056641
-0.5835533142089844
-0.5805492401123047
-0.577545166015625
-0.5745410919189453
-0.5716800689697266
-0.5685806274414062
-0.5658149719238281
-0.5629062652587891
-0.5600929260253906
-0.5571842193603516
-0.5542755126953125
-0.5513668060302734
-0.5485057830810547
-0.5458354949951172
-0.5429744720458984
-0.5401611328125
-0.5373477935791016
-0.5346775054931641
-0.5319118499755859
-0.5291938781738281
-0.5263805389404297
-0.5237102508544922
-0.521087646484375
-0.5183219909667969
-0.5157470703125
-0.5130290985107422
-0.510406494140625
-0.5076885223388672
-0.5051136016845703
-0.5024909973144531
-0.5000114440917969
-0.4974365234375
-0.4948139190673828
-0.4923820495605469
-0.48966407775878906
-0.48732757568359375
-0.48470497131347656
-0.4822731018066406
-0.47969818115234375
-0.4773139953613281
-0.4748344421386719
-0.47245025634765625
-0.4698753356933594
-0.46753883361816406
-0.46515464782714844
-0.4627704620361328
-0.46029090881347656
-0.45800209045410156
-0.45561790466308594
-0.4532814025878906
-0.450897216796875
-0.4486083984375
-0.4462718963623047
-0.44403076171875
-0.4416465759277344
-0.439453125
-0.437164306640625
-0.43487548828125
-0.432586669921875
-0.43048858642578125
-0.42815208435058594
-0.4260540008544922
-0.4237651824951172
-0.4215717315673828
-0.41942596435546875
-0.41718482971191406
-0.4151344299316406
-0.4128456115722656
-0.4108428955078125
-0.40874481201171875
-0.4065513610839844
-0.4044055938720703
-0.4023551940917969
-0.4002571105957031
-0.39825439453125
-0.3962516784667969
-0.3941059112548828
-0.3921031951904297
-0.39005279541015625
-0.3880500793457031
-0.3861427307128906
-0.38399696350097656
-0.38208961486816406
-0.38013458251953125
-0.3781318664550781
-0.3762245178222656
-0.3741741180419922
-0.372314453125
-0.3703594207763672
-0.3684043884277344
-0.3665924072265625
-0.3645896911621094
-0.3627777099609375
-0.3609657287597656
-0.3589153289794922
-0.35719871520996094
-0.35533905029296875
-0.35338401794433594
-0.3516197204589844
-0.3497123718261719
-0.34804344177246094
-0.3462791442871094
-0.3443717956542969
-0.342559814453125
-0.34089088439941406
-0.3390312194824219
-0.33736228942871094
-0.33555030822753906
-0.3338336944580078
-0.3321647644042969
-0.330352783203125
-0.32868385314941406
-0.3269672393798828
-0.32525062561035156
-0.3235340118408203
-0.32196044921875
-0.32024383544921875
-0.3185749053955078
-0.3169536590576172
-0.31528472900390625
-0.3136157989501953
-0.3120899200439453
-0.3104209899902344
-0.30875205993652344
-0.30727386474609375
-0.3056049346923828
-0.3039360046386719
-0.3024101257324219
-0.3008842468261719
-0.29921531677246094
-0.29773712158203125
-0.29621124267578125
-0.29468536376953125
-0.29315948486328125
-0.29163360595703125
-0.2900123596191406
-0.28858184814453125
-0.28710365295410156
-0.28557777404785156
-0.2841949462890625
-0.2826690673828125
-0.2812385559082031
-0.2796649932861328
-0.27832984924316406
-0.27675628662109375
-0.275421142578125
-0.273895263671875
-0.27256011962890625
-0.27108192443847656
-0.2696514129638672
-0.26831626892089844
-0.2669334411621094
-0.2655506134033203
-0.26412010192871094
-0.2627372741699219
-0.26149749755859375
-0.25997161865234375
-0.2587318420410156
-0.25734901428222656
-0.2560138702392578
-0.25463104248046875
-0.2533912658691406
-0.2520561218261719
-0.25081634521484375
-0.2494335174560547
-0.24809837341308594
-0.24690628051757812
-0.2456188201904297
-0.2441883087158203
-0.2429962158203125
-0.24175643920898438
-0.24051666259765625
-0.2391815185546875
-0.2379894256591797
-0.23674964904785156
-0.23555755615234375
-0.23431777954101562
-0.2330303192138672
-0.23179054260253906
-0.2307415008544922
-0.22940635681152344
-0.22821426391601562
-0.22711753845214844
-0.2258777618408203
-0.22478103637695312
-0.2235889434814453
-0.2223491668701172
-0.22125244140625
-0.2201080322265625
-0.2189159393310547
-0.2177715301513672
-0.2166271209716797
-0.2155303955078125
-0.2144336700439453
-0.2132415771484375
-0.2121448516845703
-0.21109580993652344
-0.20999908447265625
-0.20890235900878906
-0.20775794982910156
-0.20666122436523438
-0.20570755004882812
-0.20456314086914062
-0.20346641540527344
-0.20236968994140625
-0.201416015625
-0.2003192901611328
-0.19931793212890625
-0.1983165740966797
-0.1971721649169922
-0.19617080688476562
-0.19516944885253906
-0.19407272338867188
-0.19321441650390625
-0.19211769104003906
-0.1911163330078125
-0.19011497497558594
-0.189208984375
-0.18815994262695312
-0.18715858459472656
-0.1861572265625
-0.18529891967773438
-0.1842021942138672
-0.18334388732910156
-0.182342529296875
-0.18129348754882812
-0.1804351806640625
-0.17957687377929688
-0.1785755157470703
-0.17766952514648438
-0.1766204833984375
-0.1758098602294922
-0.17480850219726562
-0.1739501953125
-0.17309188842773438
-0.17213821411132812
-0.1712322235107422
-0.17032623291015625
-0.16951560974121094
-0.1685619354248047
-0.16775131225585938
-0.16694068908691406
-0.1659393310546875
-0.16503334045410156
-0.16422271728515625
-0.16341209411621094
-0.16260147094726562
-0.1616954803466797
-0.16078948974609375
-0.15997886657714844
-0.15921592712402344
-0.1583099365234375
-0.1575469970703125
-0.1567840576171875
-0.15583038330078125
-0.15497207641601562
-0.15420913696289062
-0.15349388122558594
-0.15268325805664062
-0.151824951171875
-0.15106201171875
-0.15020370483398438
-0.14939308166503906
-0.14858245849609375
-0.14791488647460938
-0.14715194702148438
-0.1464366912841797
-0.1456737518310547
-0.14481544494628906
-0.14410018920898438
-0.14333724975585938
-0.14252662658691406
-0.14190673828125
-0.141143798828125
-0.14047622680664062
-0.1395702362060547
-0.13885498046875
-0.13818740844726562
-0.13751983642578125
-0.13670921325683594
-0.13604164123535156
-0.1353740692138672
-0.1346588134765625
-0.1338481903076172
-0.1331329345703125
-0.13246536254882812
-0.13184547424316406
-0.1311779022216797
-0.1305103302001953
-0.12979507446289062
-0.12903213500976562
-0.12841224670410156
-0.1277446746826172
-0.1270294189453125
-0.12640953063964844
-0.12578964233398438
-0.1251697540283203
-0.12459754943847656
-0.12369155883789062
-0.12311935424804688
-0.12249946594238281
-0.12187957763671875
-0.12125968933105469
-0.12063980102539062
-0.11997222900390625
-0.1194000244140625
-0.11868476867675781
-0.11811256408691406
-0.11744499206542969
-0.11682510375976562
-0.11625289916992188
-0.11572837829589844
-0.11510848999023438
-0.11453628540039062
-0.11386871337890625
-0.11320114135742188
-0.11267662048339844
-0.11205673217773438
-0.11153221130371094
-0.11081695556640625
-0.11038780212402344
-0.10972023010253906
-0.10924339294433594
-0.1087188720703125
-0.10809898376464844
-0.10743141174316406
-0.10685920715332031
-0.10633468627929688
-0.10581016540527344
-0.10533332824707031
-0.10461807250976562
-0.1041412353515625
-0.10366439819335938
-0.10313987731933594
-0.10256767272949219
-0.10209083557128906
-0.10128021240234375
-0.10085105895996094
-0.1003265380859375
-0.09984970092773438
-0.09937286376953125
-0.09889602661132812
-0.09827613830566406
-0.09775161743164062
-0.0972747802734375
-0.09684562683105469
-0.09627342224121094
-0.09584426879882812
-0.09527206420898438
-0.09474754333496094
-0.0942230224609375
-0.09379386901855469
-0.09341239929199219
-0.09288787841796875
-0.09241104125976562
-0.09183883666992188
-0.09131431579589844
-0.09083747863769531
-0.09036064147949219
-0.08997917175292969
-0.08950233459472656
-0.08902549743652344
-0.0885009765625
-0.08807182312011719
-0.08764266967773438
-0.08716583251953125
-0.08678436279296875
-0.08625984191894531
-0.08573532104492188
-0.08525848388671875
-0.08487701416015625
-0.08440017700195312
-0.08397102355957031
-0.08363723754882812
-0.083160400390625
-0.0827789306640625
-0.08225440979003906
-0.08187294006347656
-0.08139610290527344
-0.08106231689453125
-0.08053779602050781
-0.080108642578125
-0.0797271728515625
-0.07929801940917969
-0.07882118225097656
-0.07843971252441406
-0.07805824279785156
-0.07772445678710938
-0.07724761962890625
-0.07691383361816406
-0.07653236389160156
-0.07605552673339844
-0.07567405700683594
-0.07529258728027344
-0.07481575012207031
-0.07443428039550781
-0.07410049438476562
-0.07376670837402344
-0.07333755493164062
-0.07295608520507812
-0.072479248046875
-0.07214546203613281
-0.07181167602539062
-0.07138252258300781
-0.07109642028808594
-0.07076263427734375
-0.07038116455078125
-0.06995201110839844
-0.069427490234375
-0.06909370422363281
-0.06880760192871094
-0.06842613220214844
-0.06809234619140625
-0.06775856018066406
-0.06742477416992188
-0.06709098815917969
-0.0667572021484375
-0.066375732421875
-0.06594657897949219
-0.06570816040039062
-0.06537437438964844
-0.06499290466308594
-0.06470680236816406
-0.06422996520996094
-0.06399154663085938
-0.06365776062011719
-0.06322860717773438
-0.0629425048828125
-0.06256103515625
-0.06232261657714844
-0.06194114685058594
-0.061702728271484375
-0.061321258544921875
-0.061130523681640625
-0.06070137023925781
-0.06051063537597656
-0.06003379821777344
-0.05974769592285156
-0.05946159362792969
-0.0591278076171875
-0.05879402160644531
-0.05841255187988281
-0.05817413330078125
-0.057888031005859375
-0.05755424499511719
-0.057315826416015625
-0.05702972412109375
-0.05664825439453125
-0.05631446838378906
-0.05612373352050781
-0.05583763122558594
-0.05545616149902344
-0.05526542663574219
-0.05497932434082031
-0.05474090576171875
-0.05440711975097656
-0.05412101745605469
-0.053882598876953125
-0.05354881286621094
-0.05316734313964844
-0.05288124084472656
-0.052642822265625
-0.05230903625488281
-0.05207061767578125
-0.051784515380859375
-0.051593780517578125
-0.05130767822265625
-0.051116943359375
-0.050830841064453125
-0.05054473876953125
-0.05021095275878906
-0.05002021789550781
-0.04973411560058594
-0.049495697021484375
-0.04925727844238281
-0.04901885986328125
-0.048732757568359375
-0.048542022705078125
-0.04825592041015625
-0.047969818115234375
-0.0476837158203125
-0.04744529724121094
-0.04706382751464844
-0.04677772521972656
-0.04658699035644531
-0.046443939208984375
-0.04620552062988281
-0.04596710205078125
-0.04572868347167969
-0.04544258117675781
-0.04525184631347656
-0.045013427734375
-0.04487037658691406
-0.0446319580078125
-0.044345855712890625
-0.04410743713378906
-0.04372596740722656
-0.04363059997558594
-0.04343986511230469
-0.04315376281738281
-0.04286766052246094
-0.042819976806640625
-0.04253387451171875
-0.04215240478515625
-0.04200935363769531
-0.04181861877441406
-0.04153251647949219
-0.04138946533203125
-0.04119873046875
-0.040912628173828125
-0.04062652587890625
-0.04048347473144531
-0.04019737243652344
-0.04010200500488281
-0.03986358642578125
-0.0396728515625
-0.03948211669921875
-0.03924369812011719
-0.03914833068847656
-0.03886222839355469
-0.03871917724609375
-0.0385284423828125
-0.03829002380371094
-0.03814697265625
-0.03790855407714844
-0.03771781921386719
-0.03743171691894531
-0.037288665771484375
-0.03705024719238281
-0.03685951232910156
-0.03657341003417969
-0.03643035888671875
-0.03619194030761719
-0.03604888916015625
-0.03590583801269531
-0.03571510314941406
-0.03552436828613281
-0.03533363342285156
-0.03523826599121094
-0.03495216369628906
-0.03485679626464844
-0.03466606140136719
-0.03437995910644531
-0.03414154052734375
-0.03399848937988281
-0.03390312194824219
-0.033664703369140625
-0.03352165222167969
-0.03337860107421875
-0.0331878662109375
-0.03304481506347656
-0.032901763916015625
-0.032711029052734375
-0.032520294189453125
-0.0324249267578125
-0.03223419189453125
-0.03204345703125
-0.03190040588378906
-0.031757354736328125
-0.03161430358886719
-0.031375885009765625
-0.031042098999023438
-0.0308990478515625
-0.030755996704101562
-0.030565261840820312
-0.030469894409179688
-0.030279159545898438
-0.0301361083984375
-0.029993057250976562
-0.029850006103515625
-0.029706954956054688
-0.02956390380859375
-0.0293731689453125
-0.029325485229492188
-0.029087066650390625
-0.02899169921875
-0.028896331787109375
-0.028657913208007812
-0.0286102294921875
-0.028371810913085938
-0.028228759765625
-0.028085708618164062
-0.027894973754882812
-0.027704238891601562
-0.027608871459960938
-0.0274658203125
-0.027322769165039062
-0.027179718017578125
-0.027036666870117188
-0.02689361572265625
-0.026798248291015625
-0.026702880859375
-0.02651214599609375
-0.026369094848632812
-0.026273727416992188
-0.02613067626953125
-0.025987625122070312
-0.025796890258789062
-0.025653839111328125
-0.025510787963867188
-0.02536773681640625
-0.025272369384765625
-0.025177001953125
-0.025033950805664062
-0.024843215942382812
-0.024652481079101562
-0.024509429931640625
-0.0244140625
-0.024318695068359375
-0.024175643920898438
-0.0240325927734375
-0.023937225341796875
-0.023794174194335938
-0.023651123046875
-0.023603439331054688
-0.023412704467773438
-0.023365020751953125
-0.0232696533203125
-0.023126602172851562
-0.023031234741210938
-0.02288818359375
-0.022745132446289062
-0.022649765014648438
-0.0225067138671875
-0.022459030151367188
-0.022363662719726562
-0.022220611572265625
-0.022077560424804688
-0.021982192993164062
-0.021886825561523438
-0.021791458129882812
-0.02155303955078125
-0.021409988403320312
-0.0213623046875
-0.021266937255859375
-0.021123886108398438
-0.0209808349609375
-0.020933151245117188
-0.020837783813476562
-0.020694732666015625
-0.020599365234375
-0.020503997802734375
-0.02040863037109375
-0.020313262939453125
-0.020074844360351562
-0.02002716064453125
-0.019884109497070312
-0.019788742065429688
-0.019693374633789062
-0.019598007202148438
-0.019550323486328125
-0.019407272338867188
-0.01926422119140625
-0.01926422119140625
-0.019073486328125
-0.019073486328125
-0.01888275146484375
-0.01888275146484375
-0.018739700317382812
-0.0186920166015625
-0.018548965454101562
-0.018358230590820312
-0.018262863159179688
-0.018167495727539062
-0.018072128295898438
-0.018024444580078125
-0.0179290771484375
-0.017833709716796875
-0.017690658569335938
-0.017642974853515625
-0.017547607421875
-0.017499923706054688
-0.01735687255859375
-0.01735687255859375
-0.017213821411132812
-0.017070770263671875
-0.017023086547851562
-0.01697540283203125
-0.016832351684570312
-0.01678466796875
-0.016736984252929688
-0.01659393310546875
-0.016546249389648438
-0.016498565673828125
-0.016355514526367188
-0.016307830810546875
-0.01621246337890625
-0.016117095947265625
-0.016069412231445312
-0.015974044799804688
-0.015878677368164062
-0.015783309936523438
-0.015783309936523438
-0.015592575073242188
-0.015592575073242188
-0.015497207641601562
-0.01544952392578125
-0.015354156494140625
-0.015163421630859375
-0.01506805419921875
-0.015020370483398438
-0.0148773193359375
-0.0148773193359375
-0.014781951904296875
-0.014734268188476562
-0.014543533325195312
-0.014495849609375
-0.014400482177734375
-0.014257431030273438
-0.01430511474609375
-0.014162063598632812
-0.0141143798828125
-0.014019012451171875
-0.013971328735351562
-0.01392364501953125
-0.013780593872070312
-0.013828277587890625
-0.013637542724609375
-0.013685226440429688
-0.01354217529296875
-0.013494491577148438
-0.013446807861328125
-0.0133514404296875
-0.013303756713867188
-0.01316070556640625
-0.013208389282226562
-0.013065338134765625
-0.013065338134765625
-0.012922286987304688
-0.012922286987304688
-0.012826919555664062
-0.012826919555664062
-0.012683868408203125
-0.012636184692382812
-0.0125885009765625
-0.012493133544921875
-0.012445449829101562
-0.012493133544921875
-0.012302398681640625
-0.012254714965820312
-0.01220703125
-0.012159347534179688
-0.012111663818359375
-0.011920928955078125
-0.011873245239257812
-0.0118255615234375
-0.011730194091796875
-0.011730194091796875
-0.011587142944335938
-0.011587142944335938
-0.011491775512695312
-0.011444091796875
-0.011444091796875
2.2
2.031552791595459
1.9979596138000488
1.96913480758667
1.9441485404968262
1.9223809242248535
1.9032597541809082
1.8863320350646973
1.8713116645812988
1.85774564743042
1.8454670906066895
1.8342137336730957
1.823866367340088
1.8142104148864746
1.8052339553833008
1.7966985702514648
1.7886042594909668
1.7809033393859863
1.7734527587890625
1.7663002014160156
1.7593622207641602
1.7526030540466309
1.7460227012634277
1.7395615577697754
1.7332196235656738
1.726973056793213
1.7208099365234375
1.7147302627563477
1.7087101936340332
1.7027735710144043
1.6968846321105957
1.6910314559936523
1.6852259635925293
1.6794562339782715
1.6737103462219238
1.6680240631103516
1.6623377799987793
1.6567111015319824
1.6511201858520508
1.645517349243164
1.6399502754211426
1.6344308853149414
1.6289234161376953
1.6234397888183594
1.6179561614990234
1.6124963760375977
1.6070842742919922
1.6016960144042969
1.5962839126586914
1.5909194946289062
1.5856027603149414
1.580214500427246
1.5749692916870117
1.5696525573730469
1.5643596649169922
1.5591621398925781
1.5539169311523438
1.5487194061279297
1.5435218811035156
1.5383243560791016
1.5331506729125977
1.528024673461914
1.5229225158691406
1.5177726745605469
1.5127182006835938
1.5076398849487305
1.5026092529296875
1.4975309371948242
1.4925241470336914
1.4875411987304688
1.4825820922851562
1.4775991439819336
1.475071907043457
1.4672279357910156
1.4627933502197266
1.4577627182006836
1.4527559280395508
1.447749137878418
1.4427423477172852
1.437830924987793
1.432967185974121
1.428055763244629
1.423192024230957
1.4183998107910156
1.4136075973510742
1.4087915420532227
1.4040231704711914
1.3993501663208008
1.3946056365966797
1.389932632446289
1.3852596282958984
1.380610466003418
1.3760089874267578
1.3713359832763672
1.3667821884155273
1.362156867980957
1.3576269149780273
1.3530731201171875
1.348567008972168
1.3440132141113281
1.3395309448242188
1.3350963592529297
1.33056640625
1.326155662536621
1.3217449188232422
1.317286491394043
1.3129234313964844
1.3085365295410156
1.304173469543457
1.2997865676879883
1.29547119140625
1.2911796569824219
1.2868404388427734
1.282501220703125
1.2782812118530273
1.2739896774291992
1.2697458267211914
1.2655258178710938
1.2612581253051758
1.2570619583129883
1.252889633178711
1.2487173080444336
1.2445449829101562
1.2404203414916992
1.2362957000732422
1.2321233749389648
1.228022575378418
1.2239694595336914
1.2198448181152344
1.215815544128418
1.2117624282836914
1.207590103149414
1.2031078338623047
1.198410987854004
1.1934757232666016
1.1884212493896484
1.1831998825073242
1.177811622619629
1.172471046447754
1.1668920516967773
1.1612415313720703
1.1556148529052734
1.1498689651489258
1.1441707611083984
1.1383771896362305
1.1325597763061523
1.1267662048339844
1.1209726333618164
1.115107536315918
1.10931396484375
1.1034965515136719
1.0976552963256836
1.0918855667114258
1.0860681533813477
1.080322265625
1.0745525360107422
1.0688304901123047
1.0631561279296875
1.05743408203125
1.0517597198486328
1.046133041381836
1.040506362915039
1.0349750518798828
1.029348373413086
1.0237932205200195
1.018357276916504
1.0128498077392578
1.007390022277832
1.0019302368164062
0.9965658187866211
0.9912014007568359
0.9858369827270508
0.9805440902709961
0.9752750396728516
0.970005989074707
0.9647369384765625
0.9595394134521484
0.9543895721435547
0.9492397308349609
0.9441137313842773
0.9390354156494141
0.9339809417724609
0.9288787841796875
0.923919677734375
0.9189128875732422
0.9139776229858398
0.9090185165405273
0.9041070938110352
0.8992671966552734
0.8944511413574219
0.8896112442016602
0.8847951889038086
0.8800268173217773
0.8753061294555664
0.8706092834472656
0.8659124374389648
0.8612632751464844
0.8566141128540039
0.8520126342773438
0.8474111557006836
0.8428335189819336
0.8382558822631836
0.8338451385498047
0.829315185546875
0.8247852325439453
0.8204460144042969
0.8160114288330078
0.8116245269775391
0.8072376251220703
0.8029460906982422
0.7985591888427734
0.7943153381347656
0.7900714874267578
0.78582763671875
0.7815361022949219
0.7773876190185547
0.7731914520263672
0.76904296875
0.7648944854736328
0.7608413696289062
0.7567405700683594
0.7526874542236328
0.7486343383789062
0.7445812225341797
0.7406234741210938
0.7366657257080078
0.7326602935791016
0.7287979125976562
0.7248878479003906
0.720977783203125
0.7171154022216797
0.7132530212402344
0.7094383239746094
0.7056713104248047
0.7018566131591797
0.698089599609375
0.6943225860595703
0.6906509399414062
0.6869316101074219
0.6832599639892578
0.6796360015869141
0.6759166717529297
0.6722927093505859
0.6687641143798828
0.6651401519775391
0.6616115570068359
0.6580829620361328
0.6545543670654297
0.6510257720947266
0.6475925445556641
0.6441116333007812
0.6406307220458984
0.6372451782226562
0.6338119506835938
0.6304264068603516
0.6270885467529297
0.6237030029296875
0.6204128265380859
0.6170749664306641
0.6137847900390625
0.6104946136474609
0.6072044372558594
0.6040096282958984
0.6007671356201172
0.5975723266601562
0.5943775177001953
0.5911827087402344
0.5880355834960938
0.5848884582519531
0.5817413330078125
0.5785942077636719
0.5755901336669922
0.5724906921386719
0.5693912506103516
0.5664348602294922
0.5633831024169922
0.5603313446044922
0.5573749542236328
0.5543708801269531
0.5514621734619141
0.5485057830810547
0.5455493927001953
0.5426883697509766
0.5397796630859375
0.5369186401367188
0.5340576171875
0.5311965942382812
0.5283832550048828
0.5255699157714844
0.5227565765380859
0.5199432373046875
0.5171775817871094
0.5144596099853516
0.5116939544677734
0.5090236663818359
0.5062580108642578
0.5035400390625
0.5009174346923828
0.498199462890625
0.4955291748046875
0.4929542541503906
0.4902839660644531
0.48766136169433594
0.4851341247558594
0.4825592041015625
0.4799365997314453
0.47736167907714844
0.4748821258544922
0.4723072052001953
0.46977996826171875
0.4673004150390625
0.46486854553222656
0.46234130859375
0.45986175537109375
0.4574298858642578
0.4549980163574219
0.45261383056640625
0.4501819610595703
0.4477977752685547
0.4454612731933594
0.44302940368652344
0.4406929016113281
0.4383563995361328
0.4359722137451172
0.4337310791015625
0.4314422607421875
0.4291057586669922
0.4268169403076172
0.4245758056640625
0.4223346710205078
0.4200458526611328
0.41785240173339844
0.41561126708984375
0.4134178161621094
0.411224365234375
0.4089832305908203
0.40688514709472656
0.4047393798828125
0.4024982452392578
0.4004478454589844
0.39825439453125
0.39615631103515625
0.3941059112548828
0.39196014404296875
0.389862060546875
0.38781166076660156
0.38580894470214844
0.3837108612060547
0.38170814514160156
0.3796577453613281
0.377655029296875
0.3756523132324219
0.37360191345214844
0.37169456481933594
0.3696918487548828
0.3677845001220703
0.3658294677734375
0.3638267517089844
0.3619670867919922
0.35996437072753906
0.3581523895263672
0.3561973571777344
0.3542900085449219
0.3524303436279297
0.3505706787109375
0.3487110137939453
0.3468513488769531
0.34499168395996094
0.3432273864746094
0.3413677215576172
0.3396034240722656
0.3376960754394531
0.3359794616699219
0.33416748046875
0.33245086669921875
0.3306388854980469
0.3289222717285156
0.32715797424316406
0.3254413604736328
0.32372474670410156
0.3220081329345703
0.3203392028808594
0.3185749053955078
0.31685829162597656
0.31523704528808594
0.313568115234375
0.31189918518066406
0.31027793884277344
0.3086566925048828
0.3069877624511719
0.30536651611328125
0.3037452697753906
0.3021240234375
0.3005504608154297
0.29892921447753906
0.29740333557128906
0.29578208923339844
0.2942085266113281
0.2926826477050781
0.2911090850830078
0.2895832061767578
0.2880573272705078
0.2864837646484375
0.2850055694580078
0.2835273742675781
0.2820014953613281
0.28052330017089844
0.27899742126464844
0.27756690979003906
0.2760887145996094
0.2746105194091797
0.2731800079345703
0.2717018127441406
0.27031898498535156
0.26879310607910156
0.2674579620361328
0.26602745056152344
0.26459693908691406
0.2632617950439453
0.2617835998535156
0.2604961395263672
0.2590656280517578
0.25768280029296875
0.25634765625
0.25496482849121094
0.2536773681640625
0.25229454040527344
0.2509117126464844
0.24962425231933594
0.2483367919921875
0.24700164794921875
0.24576187133789062
0.24437904357910156
0.24313926696777344
0.241851806640625
0.24051666259765625
0.23927688598632812
0.238037109375
0.23679733276367188
0.2354145050048828
0.2342700958251953
0.2330303192138672
0.23179054260253906
0.23059844970703125
0.22935867309570312
0.2281665802001953
0.2269744873046875
0.2257823944091797
0.22454261779785156
0.22335052490234375
0.22215843200683594
0.22106170654296875
0.21991729736328125
0.21867752075195312
0.21753311157226562
0.2162933349609375
0.21524429321289062
0.21414756774902344
0.21300315856933594
0.21181106567382812
0.21076202392578125
0.20956993103027344
0.20852088928222656
0.20751953125
0.20623207092285156
0.2051830291748047
0.20418167114257812
0.2029895782470703
0.20203590393066406
0.2010345458984375
0.1998424530029297
0.1987934112548828
0.19774436950683594
0.19664764404296875
0.1956939697265625
0.19469261169433594
0.19354820251464844
0.1926422119140625
0.19164085388183594
0.19054412841796875
0.1895904541015625
0.18863677978515625
0.18758773803710938
0.1864910125732422
0.18563270568847656
0.18463134765625
0.18362998962402344
0.1827716827392578
0.18167495727539062
0.18067359924316406
0.17981529235839844
0.1789093017578125
0.17790794372558594
0.177001953125
0.17609596252441406
0.1751422882080078
0.17414093017578125
0.17328262329101562
0.17242431640625
0.17151832580566406
0.1705646514892578
0.16961097717285156
0.16880035400390625
0.1678466796875
0.16698837280273438
0.16617774963378906
0.16536712646484375
0.16427040100097656
0.16345977783203125
0.16264915466308594
0.1617431640625
0.160980224609375
0.16007423400878906
0.15935897827148438
0.15840530395507812
0.1575469970703125
0.15664100646972656
0.1559734344482422
0.15506744384765625
0.15425682067871094
0.15349388122558594
0.15277862548828125
0.1517772674560547
0.1510143280029297
0.15020370483398438
0.1494884490966797
0.14863014221191406
0.14786720275878906
0.14715194702148438
0.14634132385253906
0.14553070068359375
0.14472007751464844
0.14405250549316406
0.14333724975585938
0.14257431030273438
0.14181137084960938
0.14104843139648438
0.1403331756591797
0.1395702362060547
0.13875961303710938
0.1380443572998047
0.1373767852783203
0.13666152954101562
0.13599395751953125
0.13518333435058594
0.13451576232910156
0.13375282287597656
0.1330852508544922
0.1323223114013672
0.1316547393798828
0.13108253479003906
0.13036727905273438
0.12960433959960938
0.1289844512939453
0.128173828125
0.12755393981933594
0.12688636779785156
0.1262187957763672
0.1255512237548828
0.12493133544921875
0.124359130859375
0.12364387512207031
0.12297630310058594
0.12221336364746094
0.12159347534179688
0.12102127075195312
0.12040138244628906
0.119781494140625
0.11906623840332031
0.11854171752929688
0.11792182922363281
0.11730194091796875
0.11658668518066406
0.115966796875
0.11534690856933594
0.1148223876953125
0.11425018310546875
0.11363029479980469
0.11296272277832031
0.11243820190429688
0.11181831359863281
0.11134147644042969
0.11057853698730469
0.11005401611328125
0.10938644409179688
0.10886192321777344
0.10833740234375
0.10781288146972656
0.10728836059570312
0.10657310485839844
0.106048583984375
0.10561943054199219
0.10485649108886719
0.10437965393066406
0.10380744934082031
0.10328292846679688
0.10275840759277344
0.10218620300292969
0.10166168212890625
0.10123252868652344
0.10061264038085938
0.10013580322265625
0.09961128234863281
0.09899139404296875
0.09851455688476562
0.09799003601074219
0.09756088256835938
0.096893310546875
0.09646415710449219
0.09593963623046875
0.09546279907226562
0.0949859619140625
0.09450912475585938
0.09403228759765625
0.09341239929199219
0.09288787841796875
0.09241104125976562
0.09198188781738281
0.091552734375
0.09107589721679688
0.09045600891113281
0.09007453918457031
0.08959770202636719
0.08916854858398438
0.08873939514160156
0.08826255798339844
0.08778572082519531
0.08716583251953125
0.08673667907714844
0.08630752563476562
0.08587837219238281
0.08544921875
0.0850677490234375
0.08459091186523438
0.08411407470703125
0.08368492126464844
0.08325576782226562
0.08282661437988281
0.0823974609375
0.08196830749511719
0.08144378662109375
0.08096694946289062
0.08053779602050781
0.08020401000976562
0.07977485656738281
0.07939338684082031
0.07901191711425781
0.078582763671875
0.0782012939453125
0.07772445678710938
0.07729530334472656
0.07691383361816406
0.07653236389160156
0.07610321044921875
0.07572174072265625
0.07529258728027344
0.07495880126953125
0.07448196411132812
0.074005126953125
0.07371902465820312
0.07338523864746094
0.07300376892089844
0.07262229919433594
0.07228851318359375
0.07185935974121094
0.07143020629882812
0.07104873657226562
0.07071495056152344
0.07033348083496094
0.06990432739257812
0.06952285766601562
0.06918907165527344
0.06885528564453125
0.06852149963378906
0.06809234619140625
0.06766319274902344
0.06737709045410156
0.06709098815917969
0.06670951843261719
0.06642341613769531
0.06608963012695312
0.06570816040039062
0.06546974182128906
0.06499290466308594
0.06456375122070312
0.06422996520996094
0.06389617919921875
0.06351470947265625
0.063323974609375
0.06289482116699219
0.06265640258789062
0.062274932861328125
0.06198883056640625
0.06155967712402344
0.06127357482910156
0.06098747253417969
0.0606536865234375
0.060367584228515625
0.06012916564941406
0.05974769592285156
0.05950927734375
0.059223175048828125
0.058746337890625
0.05841255187988281
0.058078765869140625
0.05779266357421875
0.05755424499511719
0.05717277526855469
0.056934356689453125
0.056743621826171875
0.05631446838378906
0.0560760498046875
0.05583763122558594
0.05555152893066406
0.05512237548828125
0.05488395690917969
0.05459785461425781
0.05440711975097656
0.054073333740234375
0.0537872314453125
0.053501129150390625
0.05321502685546875
0.052928924560546875
0.05269050598144531
0.05230903625488281
0.05192756652832031
0.05168914794921875
0.05145072937011719
0.051212310791015625
0.05097389221191406
0.0507354736328125
0.050449371337890625
0.050258636474609375
0.0499725341796875
0.04973411560058594
0.049495697021484375
0.04925727844238281
0.04887580871582031
0.04868507385253906
0.04839897155761719
0.048160552978515625
0.04787445068359375
0.0476837158203125
0.04734992980957031
0.04706382751464844
0.046825408935546875
0.04658699035644531
0.046443939208984375
0.04620552062988281
0.04596710205078125
0.04558563232421875
0.04534721374511719
0.045108795166015625
0.044918060302734375
0.044727325439453125
0.04448890686035156
0.04425048828125
0.04401206970214844
0.04382133483886719
0.04363059997558594
0.043392181396484375
0.04315376281738281
0.04291534423828125
0.042724609375
0.042438507080078125
0.04215240478515625
0.04200935363769531
0.04172325134277344
0.04143714904785156
0.04119873046875
0.041103363037109375
0.0408172607421875
0.04067420959472656
0.040435791015625
0.04024505615234375
0.0400543212890625
0.03981590270996094
0.03962516784667969
0.03943443298339844
0.03910064697265625
0.03895759582519531
0.03876686096191406
0.03857612609863281
0.03838539123535156
0.03814697265625
0.03800392150878906
0.03781318664550781
0.03762245178222656
0.03743171691894531
0.037288665771484375
0.03705024719238281
0.03685951232910156
0.036716461181640625
0.03647804260253906
0.036334991455078125
0.03600120544433594
0.03571510314941406
0.035572052001953125
0.035381317138671875
0.03523826599121094
0.03504753112792969
0.034809112548828125
0.03476142883300781
0.03447532653808594
0.03437995910644531
0.03414154052734375
0.03399848937988281
0.03390312194824219
0.033664703369140625
0.03352165222167969
0.03337860107421875
0.03314018249511719
0.03294944763183594
0.032711029052734375
0.03261566162109375
0.0324249267578125
0.03228187561035156
0.03209114074707031
0.031948089599609375
0.031757354736328125
0.03161430358886719
0.03147125244140625
0.031280517578125
0.031137466430664062
0.030994415283203125
0.030851364135742188
0.03070831298828125
0.030517578125
0.030231475830078125
0.030088424682617188
0.029993057250976562
0.029850006103515625
0.029516220092773438
0.029420852661132812
0.029230117797851562
0.029134750366210938
0.02899169921875
0.028848648071289062
0.028705596923828125
0.028562545776367188
0.028371810913085938
0.028276443481445312
0.028133392333984375
0.02803802490234375
0.027799606323242188
0.027704238891601562
0.027608871459960938
0.0274658203125
0.02727508544921875
0.027179718017578125
0.027036666870117188
0.02689361572265625
0.026798248291015625
0.026559829711914062
0.026369094848632812
0.026226043701171875
0.02613067626953125
0.025987625122070312
0.025892257690429688
0.02574920654296875
0.025653839111328125
0.025463104248046875
0.025320053100585938
0.025177001953125
0.025129318237304688
0.024938583374023438
0.024843215942382812
0.024652481079101562
0.024461746215820312
0.024366378784179688
0.02422332763671875
0.024175643920898438
0.024080276489257812
0.023889541625976562
0.023794174194335938
0.023698806762695312
0.023555755615234375
0.02346038818359375
0.023221969604492188
0.02307891845703125
0.022983551025390625
0.022792816162109375
0.022792816162109375
0.022649765014648438
0.0225067138671875
0.022411346435546875
0.022268295288085938
0.022220611572265625
0.022077560424804688
0.021982192993164062
0.021839141845703125
0.0217437744140625
0.021648406982421875
0.02155303955078125
0.021409988403320312
0.0213623046875
0.021266937255859375
0.021123886108398438
0.0209808349609375
0.020885467529296875
0.02079010009765625
0.020694732666015625
0.020599365234375
0.020503997802734375
0.020360946655273438
0.020265579223632812
0.020122528076171875
0.019979476928710938
0.019884109497070312
0.019788742065429688
0.01964569091796875
0.019598007202148438
0.0194549560546875
0.019407272338867188
0.019311904907226562
0.019168853759765625
0.019025802612304688
0.018930435180664062
0.018787384033203125
0.0186920166015625
0.018596649169921875
0.018548965454101562
0.018453598022460938
0.018310546875
0.018262863159179688
0.018167495727539062
0.018072128295898438
0.0179290771484375
0.017881393432617188
0.017833709716796875
0.017690658569335938
0.017642974853515625
0.017547607421875
0.017452239990234375
0.017309188842773438
0.017261505126953125
0.017213821411132812
0.017118453979492188
0.017023086547851562
0.016927719116210938
0.016689300537109375
0.016689300537109375
0.01659393310546875
0.016450881958007812
0.016450881958007812
0.016355514526367188
0.01621246337890625
0.016164779663085938
0.016117095947265625
0.016021728515625
0.015926361083984375
0.015878677368164062
0.015735626220703125
0.015687942504882812
0.0156402587890625
0.015497207641601562
0.015497207641601562
0.015354156494140625
0.015354156494140625
0.0152587890625
0.015115737915039062
0.01506805419921875
0.015020370483398438
0.0148773193359375
0.014925003051757812
0.014734268188476562
0.014734268188476562
0.014638900756835938
0.014543533325195312
0.014495849609375
0.014400482177734375
0.014352798461914062
0.01430511474609375
0.014209747314453125
0.014162063598632812
0.014019012451171875
0.014019012451171875
0.013875961303710938
0.013875961303710938
0.01373291015625
0.013589859008789062
0.013589859008789062
0.013399124145507812
0.0133514404296875
0.013208389282226562
0.01316070556640625
0.013065338134765625
0.013065338134765625
0.012969970703125
0.012922286987304688
0.012826919555664062
0.012826919555664062
0.012683868408203125
0.012683868408203125
0.0125885009765625
0.012540817260742188
0.012493133544921875
0.012445449829101562
0.012302398681640625
0.012350082397460938
0.01220703125
0.01220703125
0.012063980102539062
0.012111663818359375
0.011968612670898438
0.011920928955078125
0.011873245239257812
0.0118255615234375
0.011730194091796875
0.011730194091796875
0.011587142944335938
0.011587142944335938
0.011491775512695312
0.011444091796875
0.011348724365234375
0.011348724365234375
0.011301040649414062
0.01125335693359375
0.011157989501953125
0.011110305786132812
0.011110305786132812
0.010967254638671875
0.011014938354492188
0.01087188720703125
0.010824203491210938
0.010824203491210938
0.010728836059570312
0.01068115234375
0.010633468627929688
0.010633468627929688
0.010442733764648438
0.010347366333007812
0.0102996826171875
0.010251998901367188
0.010204315185546875
0.010156631469726562
0.01010894775390625
0.010061264038085938
0.010013580322265625
0.009965896606445312
0.009870529174804688
0.009918212890625
0.00972747802734375
0.009775161743164062
0.009775161743164062
0.009632110595703125
0.009679794311523438
0.009584426879882812
0.009489059448242188
0.0095367431640625
0.009393692016601562
0.009393692016601562
0.00934600830078125
0.009298324584960938
0.009250640869140625
0.0091552734375
0.0091552734375
0.009107589721679688
0.009012222290039062
0.009059906005859375
0.00896453857421875
0.008916854858398438
0.008916854858398438
0.0087738037109375
0.0087738037109375
0.008821487426757812
0.008630752563476562
0.008678436279296875
0.008678436279296875
0.008535385131835938
0.008535385131835938
0.008487701416015625
0.008440017700195312
0.008392333984375
0.008392333984375
0.008296966552734375
0.008296966552734375
0.008249282836914062
0.008153915405273438
0.00820159912109375
0.008106231689453125
0.008058547973632812
0.008058547973632812
0.0080108642578125
0.007915496826171875
0.007915496826171875
0.007915496826171875
0.0076770782470703125
0.0076770782470703125
0.0076770782470703125
0.0075817108154296875
0.0075817108154296875
0.0075817108154296875
0.00743865966796875
0.00743865966796875
0.00743865966796875
0.0073909759521484375
0.007343292236328125
0.0072956085205078125
0.007343292236328125
0.0071048736572265625
0.0071048736572265625
0.00705718994140625
0.0071048736572265625
0.006961822509765625
0.006961822509765625
0.006961822509765625
0.006866455078125
0.006866455078125
0.0068187713623046875
0.0068187713623046875
0.0067234039306640625
0.0067234039306640625
0.0067234039306640625
0.0067234039306640625
0.006580352783203125
0.006580352783203125
0.006580352783203125
0.0065326690673828125
0.0064849853515625
0.0064849853515625
0.0064373016357421875
0.0064373016357421875
0.0063419342041015625
0.0063419342041015625
0.0063419342041015625
0.00629425048828125
0.006198883056640625
0.0062465667724609375
0.0062465667724609375
0.0061511993408203125
0.006103515625
0.006103515625
0.006103515625
0.0060558319091796875
0.0059604644775390625
0.0059604644775390625
0.006008148193359375
0.00591278076171875
0.0058650970458984375
0.0058650970458984375
0.0058650970458984375
0.0057697296142578125
0.0057697296142578125
0.0057220458984375
0.0057220458984375
0.0057697296142578125
0.0055789947509765625
0.005626678466796875
0.005626678466796875
0.005626678466796875
0.0054836273193359375
0.0054836273193359375
0.0054836273193359375
0.0054836273193359375
0.005435943603515625
0.0053882598876953125
0.0053882598876953125
0.005340576171875
0.0053882598876953125
0.005245208740234375
0.005245208740234375
0.005245208740234375
0.005245208740234375
0.005245208740234375
0.00514984130859375
0.0051021575927734375
