26.910646438598633
26.787315368652344
26.658456802368164
26.52449607849121
26.385841369628906
26.24285888671875
26.095882415771484
25.945228576660156
25.79117774963379
25.634002685546875
25.47395133972168
25.31125259399414
25.1461124420166
24.978736877441406
24.809310913085938
24.638002395629883
24.46497344970703
24.290372848510742
24.11434555053711
23.93701934814453
23.75851821899414
23.578954696655273
23.39844512939453
23.217086791992188
23.034976959228516
22.852203369140625
22.66884994506836
22.48499870300293
22.300731658935547
22.116113662719727
21.93120765686035
21.74608612060547
21.56080436706543
21.37541961669922
21.189987182617188
21.004554748535156
20.819171905517578
20.63388442993164
20.448734283447266
20.26376724243164
20.079017639160156
19.89452362060547
19.71031951904297
19.526439666748047
19.342912673950195
19.159770965576172
18.9770450592041
18.794755935668945
18.612932205200195
18.43160057067871
18.25078010559082
18.07049560546875
17.890769958496094
17.711618423461914
17.533061981201172
17.355119705200195
17.17780876159668
17.00114631652832
16.825145721435547
16.649822235107422
16.475191116333008
16.301267623901367
16.12805938720703
15.955581665039062
15.783848762512207
15.61286735534668
15.44265079498291
15.273207664489746
15.104548454284668
14.936681747436523
14.769618034362793
14.603361129760742
14.437925338745117
14.2733154296875
14.109536170959473
13.946596145629883
13.784502983093262
13.623260498046875
13.46287727355957
13.30335521697998
13.144702911376953
12.98692512512207
12.830022811889648
12.674003601074219
12.518872261047363
12.364630699157715
12.211282730102539
12.058834075927734
11.9072847366333
11.756640434265137
11.606904029846191
11.458075523376465
11.310160636901855
11.16316032409668
11.017074584960938
10.871908187866211
10.727659225463867
10.584335327148438
10.441933631896973
10.300454139709473
10.159900665283203
10.020272254943848
9.881572723388672
9.743799209594727
9.606953620910645
9.471035957336426
9.33604621887207
9.201984405517578
9.068851470947266
8.936646461486816
8.805368423461914
8.675017356872559
8.545592308044434
8.417092323303223
8.289517402648926
8.16286563873291
8.037137031555176
7.912328243255615
7.788439750671387
7.665469169616699
7.543415546417236
7.422276973724365
7.302051067352295
7.182737350463867
7.064332962036133
6.946835994720459
6.8302435874938965
6.714552879333496
6.599762439727783
6.485869407653809
6.372872352600098
6.260767459869385
6.149551868438721
6.039222240447998
5.929777145385742
5.8212127685546875
5.713525772094727
5.60671329498291
5.500772476196289
5.395698547363281
5.291489601135254
5.188142776489258
5.085651874542236
4.984014511108398
4.883420467376709
4.783476829528809
4.684367656707764
4.586088180541992
4.48863410949707
4.392002582550049
4.29619026184082
4.201192378997803
4.107007026672363
4.01362943649292
3.92105770111084
3.829287052154541
3.738314151763916
3.64813494682312
3.5587453842163086
3.470142364501953
3.3823211193084717
3.2952775955200195
3.209007740020752
3.123507261276245
3.038771867752075
2.9547979831695557
2.87157940864563
2.7891125679016113
2.707392930984497
2.6264150142669678
2.546175479888916
2.4666690826416016
2.3878910541534424
2.3098366260528564
2.2325007915496826
2.1558797359466553
2.079967975616455
2.004760503768921
1.9302529096603394
1.8564399480819702
1.7833170890808105
1.7108793258666992
1.639121651649475
1.5680395364761353
1.497627854347229
1.4278817176818848
1.35879647731781
1.290367603302002
1.2225900888442993
1.1554595232009888
1.0889708995819092
1.023119330406189
0.9579612016677856
a
-5.865955352783203
-6.166553497314453
-6.442928314208984
-6.698036193847656
-6.932735443115234
-7.1491241455078125
-7.348823547363281
-7.532691955566406
-7.702541351318359
-7.858753204345703
-8.002567291259766
-8.134937286376953
-8.257007598876953
-8.368778228759766
-8.471298217773438
-8.565425872802734
-8.651447296142578
-8.730030059814453
-8.80136489868164
-8.866310119628906
-8.925056457519531
-8.97817611694336
-9.02547836303711
-9.067916870117188
-9.105491638183594
-9.138679504394531
-9.167671203613281
-9.192562103271484
-9.21335220336914
-9.230899810791016
-9.24530029296875
-9.25607681274414
-9.264087677001953
-9.269237518310547
-9.271621704101562
-9.271621704101562
-9.269142150878906
-9.264373779296875
-9.25750732421875
-9.24835205078125
-9.237480163574219
-9.224700927734375
-9.210205078125
-9.193992614746094
-9.176349639892578
-9.157085418701172
-9.136295318603516
-9.114456176757812
-9.0911865234375
-9.066581726074219
-9.041023254394531
-9.014225006103516
-8.986282348632812
-8.957576751708984
-8.92782211303711
-8.897113800048828
-8.865547180175781
-8.833122253417969
-8.800029754638672
-8.76617431640625
-8.731555938720703
-8.696174621582031
-8.660411834716797
-8.623886108398438
-8.586645126342773
-8.549070358276367
-8.510828018188477
-8.472156524658203
-8.432960510253906
-8.393335342407227
-8.353185653686523
-8.312845230102539
-8.27178955078125
-8.23049545288086
-8.188962936401367
-8.147001266479492
-8.104658126831055
-8.062124252319336
-8.019161224365234
-7.976102828979492
-7.932615280151367
-7.888889312744141
-7.845115661621094
-7.800960540771484
-7.756567001342773
-7.712078094482422
-7.667398452758789
-7.622432708740234
-7.57746696472168
-7.532215118408203
-7.486820220947266
-7.441425323486328
-7.395744323730469
-7.350015640258789
-7.304286956787109
-7.258319854736328
-7.2124481201171875
-7.166194915771484
-7.120084762573242
-7.073974609375
-7.027673721313477
-6.981420516967773
-6.934976577758789
-6.888675689697266
-6.842279434204102
-6.7958831787109375
-6.749486923217773
-6.703090667724609
-6.656646728515625
-6.610250473022461
-6.563901901245117
-6.517553329467773
-6.47125244140625
-6.424999237060547
-6.378746032714844
-6.332588195800781
-6.286430358886719
-6.240439414978027
-6.194424629211426
-6.148529052734375
-6.1026811599731445
-6.056928634643555
-6.011295318603516
-5.965685844421387
-5.920219421386719
-5.874848365783691
-5.829620361328125
-5.7845354080200195
-5.7395219802856445
-5.6946516036987305
-5.649852752685547
-5.6052446365356445
-5.560779571533203
-5.516481399536133
-5.472254753112793
-5.428218841552734
-5.384349822998047
-5.34062385559082
-5.297040939331055
-5.253696441650391
-5.210447311401367
-5.167341232299805
-5.124545097351074
-5.0818681716918945
-5.029845237731934
-4.997110366821289
-4.955410957336426
-4.913973808288574
-4.872679710388184
-4.831576347351074
-4.790616035461426
-4.749894142150879
-4.709267616271973
-4.668879508972168
-4.628586769104004
-4.588532447814941
-4.54864501953125
-4.508960247039795
-4.469478130340576
-4.430150985717773
-4.391062259674072
-4.352176189422607
-4.313492774963379
-4.275023937225342
-4.236769676208496
-4.198694229125977
-4.160928726196289
-4.123342037200928
-4.085981845855713
-4.048895835876465
-4.011976718902588
-3.9753198623657227
-3.938901424407959
-3.902721405029297
-3.8667917251586914
-3.831052780151367
-3.7955880165100098
-3.760373592376709
-3.725379705429077
-3.690648078918457
-3.6561429500579834
-3.6218881607055664
-3.587883710861206
-3.554105758666992
-3.5205841064453125
-3.487306833267212
-3.4542620182037354
-3.4214437007904053
-3.388875722885132
-3.3565282821655273
-3.3244311809539795
-3.2925784587860107
-3.257906436920166
