26.97777557373047
26.884328842163086
26.78757667541504
26.687782287597656
26.585172653198242
26.479957580566406
26.37234115600586
26.26251220703125
26.150646209716797
26.036903381347656
25.92143440246582
25.804378509521484
25.68587875366211
25.566049575805664
25.445009231567383
25.3228702545166
25.199735641479492
25.075700759887695
24.95085334777832
24.82527732849121
24.69905662536621
24.572267532348633
24.44498062133789
24.317256927490234
24.189165115356445
24.060760498046875
23.93210220336914
23.803239822387695
23.674222946166992
23.54509735107422
23.415910720825195
23.286701202392578
23.157508850097656
23.028371810913086
22.899320602416992
22.770389556884766
22.641613006591797
22.513017654418945
22.384626388549805
22.256471633911133
22.12857437133789
22.000961303710938
21.8736515045166
21.74666404724121
21.620023727416992
21.493741989135742
21.367839813232422
21.24233055114746
21.117229461669922
20.9925479888916
20.868305206298828
20.744510650634766
20.62118148803711
20.498321533203125
20.37594223022461
20.254053115844727
20.13266372680664
20.011783599853516
19.891422271728516
19.771583557128906
19.65227508544922
19.53350257873535
19.415273666381836
19.29759407043457
19.180465698242188
19.06389617919922
18.94788932800293
18.832447052001953
18.71757698059082
18.60327911376953
18.48955535888672
18.376413345336914
18.263853073120117
18.151874542236328
18.040483474731445
17.929677963256836
17.81946563720703
17.709840774536133
17.600807189941406
17.492368698120117
17.384519577026367
17.277267456054688
17.170610427856445
17.06454849243164
16.95907974243164
16.85420799255371
16.74993133544922
16.646249771118164
16.543163299560547
16.440671920776367
16.338773727416992
16.237464904785156
16.13675308227539
16.03663444519043
15.937104225158691
15.838163375854492
15.739812850952148
15.642048835754395
15.54487419128418
15.448282241821289
15.352274894714355
15.256854057312012
15.16201400756836
15.06775188446045
14.974069595336914
14.880965232849121
14.788433074951172
14.696476936340332
14.605091094970703
14.514277458190918
14.424031257629395
14.334352493286133
14.245240211486816
14.156688690185547
14.068700790405273
13.981270790100098
13.894396781921387
13.808079719543457
13.72231674194336
13.637104988098145
13.55244255065918
13.468327522277832
13.384757041931152
13.301729202270508
13.219243049621582
13.137295722961426
13.055886268615723
12.97500991821289
12.894664764404297
12.814850807189941
12.735563278198242
12.656805038452148
12.578567504882812
12.50085163116455
12.423654556274414
12.346972465515137
12.270805358886719
12.195151329040527
12.120007514953613
12.045369148254395
11.971236228942871
11.897604942321777
11.82447338104248
11.751840591430664
11.679701805114746
11.608057975769043
11.536904335021973
11.46623706817627
11.39605712890625
11.326359748840332
11.257144927978516
11.188406944274902
11.120144844055176
11.052358627319336
10.985041618347168
10.918194770812988
10.851813316345215
10.785897254943848
10.720442771911621
10.655447959899902
10.590909004211426
10.526824951171875
10.463193893432617
10.400012016296387
10.337276458740234
10.274986267089844
10.213140487670898
10.151731491088867
10.090761184692383
10.030224800109863
9.970121383666992
9.910449028015137
9.851204872131348
9.79238510131836
9.733988761901855
9.676012992858887
9.618454933166504
9.561312675476074
9.504583358764648
9.44826602935791
9.392356872558594
9.336853981018066
9.281754493713379
9.227057456970215
9.172759056091309
9.118856430053711
9.065347671508789
9.012228012084961
8.959491729736328
8.907135009765625
8.855155944824219
8.803548812866211
8.75230884552002
8.701434135437012
8.650919914245605
8.600765228271484
8.550965309143066
8.501518249511719
8.452420234680176
8.403668403625488
8.355260848999023
8.307193756103516
8.259466171264648
8.21207332611084
8.165016174316406
8.118289947509766
8.071891784667969
8.025821685791016
7.980076313018799
7.934653282165527
7.88955020904541
7.844765663146973
7.800297260284424
7.756142616271973
7.712299823760986
7.668766975402832
7.625541687011719
7.58262300491333
7.540008544921875
7.497694969177246
7.455682277679443
7.413967609405518
7.372549057006836
7.331425189971924
7.29059362411499
7.2500529289245605
7.2098002433776855
7.169835090637207
7.130153656005859
7.090757369995117
7.051641464233398
7.0128068923950195
6.974249839782715
6.935967922210693
6.897960662841797
6.860225677490234
6.822762489318848
6.785567283630371
6.748640537261963
6.711978435516357
6.675580978393555
6.639444828033447
6.603569984436035
6.567953109741211
6.532593250274658
6.497488975524902
6.462638854980469
6.428041458129883
6.393692970275879
6.359593868255615
6.325741291046143
6.292134761810303
6.258772373199463
6.225653171539307
6.19277286529541
6.160131931304932
6.1277289390563965
6.095560550689697
6.06362771987915
6.031928062438965
6.000458717346191
5.96921968460083
5.938208103179932
5.907423496246338
5.876864433288574
5.846529006958008
5.816415309906006
5.786521911621094
5.7568488121032715
5.727392673492432
5.698151588439941
5.669126510620117
5.640314102172852
5.611713886260986
5.583323955535889
5.555142879486084
5.527169227600098
5.499401092529297
5.471837520599365
5.444478511810303
5.417320251464844
5.39036226272583
5.363604545593262
5.337043762207031
5.310679912567139
5.284511089324951
5.258534908294678
5.232751846313477
5.207160472869873
5.181758403778076
5.156544208526611
5.131516456604004
5.106675148010254
5.0820183753967285
5.057544231414795
5.033252239227295
5.009140968322754
4.985220909118652
4.961455345153809
4.937865734100342
4.914449691772461
4.891207218170166
4.868136882781982
4.845236778259277
4.822507381439209
4.799946308135986
4.777552604675293
4.7553253173828125
4.733263969421387
4.711367607116699
4.689634323120117
4.668063163757324
4.646653175354004
4.625403881072998
4.604312896728516
4.583380222320557
4.562604904174805
4.541984558105469
4.521520137786865
4.501208305358887
4.481049537658691
4.461042881011963
4.44118595123291
4.421478271484375
4.401919364929199
4.38250732421875
4.363241672515869
4.344120979309082
4.3251447677612305
4.306312084197998
4.287620544433594
4.269070625305176
4.250660419464111
4.232389450073242
4.214256763458252
4.196261405944824
4.178400993347168
4.160675525665283
4.14308500289917
4.1256279945373535
4.108302116394043
4.0911078453063965
4.074044227600098
4.0571088790893555
4.040302753448486
4.023623943328857
4.007071495056152
3.9906442165374756
3.974341630935669
3.958163022994995
3.9421074390411377
3.9261741638183594
3.9103612899780273
3.8946688175201416
3.8790957927703857
3.8636412620544434
3.848304271697998
3.8330836296081543
3.817978620529175
3.8029890060424805
3.788113832473755
3.7733516693115234
3.758702039718628
3.7441635131835938
3.729736328125
3.715418815612793
3.7012107372283936
3.687110424041748
3.6731181144714355
3.6592323780059814
3.6454527378082275
3.6317784786224365
3.618208646774292
3.6047422885894775
3.591379404067993
3.5781185626983643
3.5649590492248535
3.5518999099731445
3.538940906524658
3.52608060836792
3.5133187770843506
3.500655174255371
3.488088607788086
3.4756176471710205
3.463243007659912
3.450962781906128
3.4387762546539307
3.4266836643218994
3.4146831035614014
3.402775287628174
3.390958070755005
3.379232168197632
3.367595672607422
3.356048583984375
3.344590187072754
3.333219289779663
3.32193660736084
3.3107399940490723
3.2996296882629395
3.288604736328125
3.2776641845703125
3.266807794570923
3.256035327911377
3.245345115661621
3.2347373962402344
3.224210739135742
3.2137653827667236
3.2034006118774414
3.193115472793579
3.1829097270965576
3.1727821826934814
3.1627328395843506
3.1527607440948486
3.1428661346435547
3.133046865463257
3.1233041286468506
3.113635778427124
3.1040422916412354
3.09452223777771
3.085075855255127
3.075702428817749
3.0664010047912598
3.057170867919922
3.0480129718780518
3.0389251708984375
3.029907703399658
3.0209596157073975
3.0120809078216553
3.003270387649536
2.994527816772461
2.9858531951904297
2.977245807647705
2.9687047004699707
2.9602293968200684
2.951819896697998
2.9434752464294434
2.935194969177246
2.9269793033599854
2.9188265800476074
2.9107375144958496
2.902710437774658
2.894745349884033
2.8868422508239746
2.8789994716644287
2.8712189197540283
2.863497018814087
2.855835437774658
2.848233938217163
2.840690851211548
2.8332056999206543
2.825779914855957
2.818410634994507
2.8110978603363037
2.803842782974243
2.7966432571411133
2.7894999980926514
2.78241229057312
2.775379180908203
2.7684009075164795
2.761476755142212
2.754606008529663
2.7477879524230957
2.741023540496826
2.734311580657959
2.727651596069336
2.721043586730957
2.7144863605499268
2.707979679107666
2.701524257659912
2.6951193809509277
2.6887636184692383
2.6824569702148438
2.6761999130249023
2.6699910163879395
2.663830518722534
2.6577181816101074
2.6516530513763428
2.645634651184082
2.639662981033325
2.6337382793426514
2.6278598308563232
2.6220269203186035
2.616239070892334
2.6104965209960938
2.604797601699829
2.5991435050964355
2.593533515930176
2.5879673957824707
2.582444667816162
2.5769643783569336
2.5715267658233643
2.566131830215454
2.560779333114624
2.555467367172241
2.550197124481201
2.5449681282043457
2.5397799015045166
2.5346319675445557
2.529524087905884
2.524456024169922
2.519427537918091
2.5144379138946533
2.5094869136810303
2.504574775695801
2.4997007846832275
2.4948647022247314
2.4900665283203125
2.4853055477142334
2.480581521987915
2.4758946895599365
2.4712440967559814
2.466630220413208
2.4620518684387207
2.4575095176696777
2.453002452850342
2.448530435562134
2.4440932273864746
2.4396910667419434
2.4353227615356445
2.430988311767578
2.4266879558563232
2.4224212169647217
2.4181878566741943
2.413987398147583
2.4098198413848877
2.40568470954895
2.4015817642211914
2.3975107669830322
2.3934717178344727
2.3894641399383545
2.3854877948760986
2.381542682647705
2.3776278495788574
2.373744249343872
2.3698904514312744
2.3660669326782227
2.3622732162475586
2.3585093021392822
2.3547747135162354
2.351069450378418
2.3473925590515137
2.343745231628418
2.3401260375976562
2.3365349769592285
2.3329718112945557
2.329436779022217
2.3259291648864746
2.322448968887329
2.3189961910247803
2.315570116043091
2.3121707439422607
2.30879807472229
2.3054518699645996
2.3021321296691895
2.298837900161743
2.29556941986084
2.2923264503479004
2.2891087532043457
2.285916566848755
2.2827491760253906
2.279606580734253
2.2764885425567627
2.273394823074341
2.2703254222869873
2.267280101776123
2.264258623123169
2.261260747909546
2.258286237716675
2.2553350925445557
2.2524070739746094
2.2495017051696777
2.2466187477111816
2.2437584400177
2.2409210205078125
2.2381057739257812
2.2353124618530273
2.2325408458709717
2.229790687561035
2.227062463760376
2.224355697631836
2.221669912338257
2.2190046310424805
2.2163608074188232
2.213737964630127
2.211135149002075
2.208552837371826
2.205990791320801
2.20344877243042
2.2009265422821045
2.1984243392944336
2.195941686630249
2.1934781074523926
2.1910340785980225
2.1886088848114014
2.1862030029296875
2.1838159561157227
2.1814475059509277
2.179097890853882
2.1767661571502686
2.174453020095825
2.1721580028533936
2.1698811054229736
2.167621612548828
2.1653802394866943
2.163156032562256
2.16094970703125
2.1587603092193604
2.156588077545166
2.154433012008667
2.152294158935547
2.150172472000122
2.1480677127838135
2.145979404449463
2.1439077854156494
2.1418521404266357
2.139812469482422
2.137789011001587
2.1357812881469727
2.133789300918579
2.1318130493164062
2.129852294921875
2.1279067993164062
2.1259765625
2.1240615844726562
2.122161388397217
2.1202757358551025
2.11840558052063
2.1165499687194824
2.114708662033081
2.112881898880005
2.111069440841675
2.109271287918091
2.1074867248535156
2.1057167053222656
2.1039607524871826
2.1022181510925293
2.1004891395568848
2.098773717880249
2.097072124481201
2.095383644104004
2.0937085151672363
2.0920464992523193
2.090397834777832
2.088761568069458
2.0871384143829346
2.0855276584625244
2.0839297771453857
2.0823440551757812
2.0807712078094482
2.0792102813720703
2.0776617527008057
2.0761258602142334
2.074601888656616
2.073089838027954
2.071589708328247
2.070100784301758
2.0686237812042236
2.0671582221984863
2.065704345703125
2.0642621517181396
2.062831163406372
2.0614116191864014
2.0600028038024902
2.058605194091797
2.057218313217163
2.055842638015747
2.0544774532318115
2.0531232357025146
2.0517795085906982
2.0504462718963623
2.049123525619507
2.047811269760132
2.0465095043182373
2.045217752456665
2.043936252593994
2.0426650047302246
2.041403293609619
2.040151834487915
2.038909673690796
2.037677764892578
2.0364553928375244
2.0352423191070557
2.034038782119751
2.0328450202941895
2.031660318374634
2.0304853916168213
2.0293195247650146
2.028162717819214
2.027014970779419
2.025876522064209
2.0247464179992676
2.023625373840332
2.0225133895874023
1.0
a
-4.4940948486328125
-4.672336578369141
-4.837608337402344
-4.989719390869141
-5.130481719970703
-5.260753631591797
-5.380821228027344
-5.491447448730469
-5.593299865722656
-5.687141418457031
-5.773448944091797
-5.852794647216797
-5.92498779296875
-5.991458892822266
-6.0520172119140625
-6.1069488525390625
-6.156730651855469
-6.201744079589844
-6.24237060546875
-6.278800964355469
-6.31103515625
-6.339454650878906
-6.364345550537109
-6.3861846923828125
-6.404590606689453
-6.420230865478516
-6.432914733886719
-6.443119049072266
-6.450843811035156
-6.456279754638672
-6.459331512451172
-6.460475921630859
-6.459617614746094
-6.456851959228516
-6.4525604248046875
-6.446552276611328
-6.4388275146484375
-6.429767608642578
-6.419563293457031
-6.407737731933594
-6.394863128662109
-6.380653381347656
-6.365489959716797
-6.349372863769531
-6.3320159912109375
-6.3140869140625
-6.295108795166016
-6.275463104248047
-6.255054473876953
-6.234073638916016
-6.212139129638672
-6.189727783203125
-6.1664581298828125
-6.142997741699219
-6.118965148925781
-6.094455718994141
-6.069469451904297
-6.04400634765625
-6.01806640625
-5.991935729980469
-5.965423583984375
-5.938625335693359
-5.911445617675781
-5.883979797363281
-5.856418609619141
-5.8284759521484375
-5.800342559814453
-5.772113800048828
-5.743503570556641
-5.714893341064453
-5.686187744140625
-5.657100677490234
-5.628013610839844
-5.598926544189453
-5.569553375244141
-5.540275573730469
-5.510616302490234
-5.481243133544922
-5.451679229736328
-5.421924591064453
-5.3924560546875
-5.362606048583984
-5.332851409912109
-5.303096771240234
-5.2734375
-5.243587493896484
-5.213832855224609
-5.184078216552734
-5.154323577880859
-5.124568939208984
-5.09490966796875
-5.065441131591797
-5.035591125488281
-5.005931854248047
-4.976511001586914
-4.947042465209961
-4.9175262451171875
-4.888200759887695
-4.858732223510742
-4.829597473144531
-4.80036735534668
-4.7710418701171875
-4.742002487182617
-4.713106155395508
-4.684114456176758
-4.655218124389648
-4.626607894897461
-4.597806930541992
-4.569292068481445
-4.540681838989258
-4.512310028076172
-4.483938217163086
-4.45561408996582
-4.427576065063477
-4.399394989013672
-4.371500015258789
-4.343700408935547
-4.315853118896484
-4.288148880004883
-4.260587692260742
-4.233121871948242
-4.205751419067383
-4.178524017333984
-4.151391983032227
-4.124307632446289
-4.0973663330078125
-4.070472717285156
-4.043817520141602
-4.0172576904296875
-3.9906978607177734
-3.964376449584961
-3.9379119873046875
-3.911876678466797
-3.885793685913086
-3.859853744506836
-3.834104537963867
-3.8083553314208984
-3.7827014923095703
-3.757190704345703
-3.7319183349609375
-3.706645965576172
-3.6815643310546875
-3.6565780639648438
-3.6316394805908203
-3.6069393157958984
-3.5821914672851562
-3.5576820373535156
-3.5333633422851562
-3.5089969635009766
-3.4848690032958984
-3.4607410430908203
-3.436899185180664
-3.413105010986328
-3.389310836791992
-3.3658504486083984
-3.3423423767089844
-3.319072723388672
-3.2958030700683594
-3.272724151611328
-3.2497406005859375
-3.226947784423828
-3.204202651977539
-3.1815528869628906
-3.1590938568115234
-3.136777877807617
-3.1145095825195312
-3.0922889709472656
-3.0704498291015625
-3.0485153198242188
-3.0268192291259766
-3.0051708221435547
-2.9836177825927734
-2.962207794189453
-2.940988540649414
-2.9198169708251953
-2.8987884521484375
-2.8779029846191406
-2.8571128845214844
-2.836465835571289
-2.815866470336914
-2.7954578399658203
-2.775144577026367
-2.754974365234375
-2.734851837158203
-2.7149200439453125
-2.695131301879883
-2.6754379272460938
-2.6559829711914062
-2.6368141174316406
-2.6178359985351562
-2.5989532470703125
-2.5803565979003906
-2.5619983673095703
-2.5437355041503906
-2.5257110595703125
-2.5077342987060547
-2.4899959564208984
-2.472352981567383
-2.4549007415771484
-2.437591552734375
-2.420377731323242
-2.4033546447753906
-2.3863792419433594
-2.3696422576904297
-2.3528575897216797
-2.3363113403320312
-2.3199081420898438
-2.3035049438476562
-2.28726863861084
-2.271151542663574
-2.2551536560058594
-2.239227294921875
-2.2234201431274414
-2.2077322006225586
-2.1921396255493164
-2.176642417907715
-2.161264419555664
-2.1459341049194336
-2.130722999572754
-2.1156787872314453
-2.1006345748901367
-2.085733413696289
-2.070927619934082
-2.0561933517456055
-2.0415782928466797
-2.0270347595214844
-2.01263427734375
-1.9982576370239258
-1.9840717315673828
-1.9698143005371094
-1.9557952880859375
-1.9417285919189453
-1.9278526306152344
-1.9140958786010742
-1.9003629684448242
-1.886749267578125
-1.873159408569336
-1.8597602844238281
-1.8463373184204102
-1.8331050872802734
-1.8198728561401367
-1.806807518005371
-1.7937421798706055
-1.780843734741211
-1.7679929733276367
-1.755213737487793
-1.7425060272216797
-1.7298698425292969
-1.7174243927001953
-1.7049551010131836
-1.6926288604736328
-1.6803264617919922
-1.6681194305419922
-1.6559600830078125
-1.6440153121948242
-1.6320466995239258
-1.6201496124267578
-1.608419418334961
-1.5966415405273438
-1.5849828720092773
-1.5734672546386719
-1.5619516372680664
-1.5505790710449219
-1.5392303466796875
-1.5279531478881836
-1.5167713165283203
-1.5056848526000977
-1.4946699142456055
-1.4836549758911133
-1.4728069305419922
-1.4620542526245117
-1.451253890991211
-1.4406204223632812
-1.4300107955932617
-1.4194965362548828
-1.4090538024902344
-1.3986825942993164
-1.388406753540039
-1.378178596496582
-1.367950439453125
-1.3579130172729492
-1.3478994369506836
-1.337885856628418
-1.3280391693115234
-1.318192481994629
-1.308441162109375
-1.2988090515136719
-1.2891530990600586
-1.2795686721801758
-1.2701034545898438
-1.2607097625732422
-1.251387596130371
-1.2420654296875
-1.2328386306762695
-1.2237071990966797
-1.214599609375
-1.2055635452270508
-1.1961936950683594
-1.1881828308105469
-1.1794328689575195
-1.1707782745361328
-1.162099838256836
-1.1535167694091797
-1.145005226135254
-1.136469841003418
-1.1280536651611328
-1.119685173034668
-1.1113643646240234
-1.103067398071289
-1.094818115234375
-1.0866641998291016
-1.0785579681396484
-1.0704994201660156
-1.062464714050293
-1.054549217224121
-1.0466337203979492
-1.0387659072875977
-1.0310173034667969
-1.0232210159301758
-1.0155916213989258
-1.0079383850097656
-1.0003328323364258
-0.9928464889526367
-0.9853839874267578
-0.9779453277587891
-0.9706020355224609
-0.963282585144043
-0.9560346603393555
-0.9488105773925781
-0.9416341781616211
-0.9345769882202148
-0.9274959564208984
-0.9205102920532227
-0.913548469543457
-0.9066343307495117
-0.8997678756713867
-0.8930206298828125
-0.8862733840942383
-0.8795261383056641
-0.8728504180908203
-0.8662939071655273
-0.8597135543823242
-0.8531808853149414
-0.8467674255371094
-0.840306282043457
-0.8339405059814453
-0.8276224136352539
-0.8213639259338379
-0.815129280090332
-0.8089303970336914
-0.8027791976928711
-0.796663761138916
-0.7906436920166016
-0.7846236228942871
-0.778651237487793
-0.7727265357971191
-0.7668495178222656
-0.7610321044921875
-0.7552504539489746
-0.7494807243347168
-0.7437586784362793
-0.7381081581115723
-0.7324814796447754
-0.726926326751709
-0.7213592529296875
-0.7158756256103516
-0.7104039192199707
-0.7050156593322754
-0.699615478515625
-0.6942868232727051
-0.6889820098876953
-0.6837129592895508
-0.6784915924072266
-0.6733179092407227
-0.6681442260742188
-0.6630420684814453
-0.6579756736755371
-0.6529569625854492
-0.6479501724243164
-0.6430149078369141
-0.6380915641784668
-0.6331801414489746
-0.6283283233642578
-0.6235480308532715
-0.6187319755554199
-0.614011287689209
-0.6093263626098633
-0.6046295166015625
-0.6000280380249023
-0.595390796661377
-0.5908608436584473
-0.5862951278686523
-0.581824779510498
-0.5773544311523438
-0.5729198455810547
-0.568544864654541
-0.5641341209411621
-0.5598306655883789
-0.5555152893066406
-0.5512475967407227
-0.547027587890625
-0.5428194999694824
-0.5386233329772949
-0.534510612487793
-0.5303859710693359
-0.5263328552246094
-0.5222678184509277
-0.5182385444641113
-0.5142569541931152
-0.5102872848510742
-0.5063772201538086
-0.502467155456543
-0.49860477447509766
-0.49473047256469727
-0.4909634590148926
-0.4871368408203125
-0.4834175109863281
-0.4796743392944336
-0.47600269317626953
-0.4723191261291504
-0.4686713218688965
-0.4650712013244629
-0.46150684356689453
-0.45789480209350586
-0.4543900489807129
-0.45087337493896484
-0.4474043846130371
-0.4439353942871094
-0.44052600860595703
-0.43712854385375977
-0.4337310791015625
-0.43036937713623047
-0.42705535888671875
-0.4237651824951172
-0.4204750061035156
-0.4172325134277344
-0.4140138626098633
-0.4107832908630371
-0.4076361656188965
-0.4044532775878906
-0.4013538360595703
-0.39825439453125
-0.3951549530029297
-0.3921389579772949
-0.38902759552001953
-0.3860950469970703
-0.38307905197143555
-0.38007497787475586
-0.3771543502807617
-0.37425756454467773
-0.3712892532348633
-0.36846399307250977
-0.36563873291015625
-0.36275386810302734
-0.35997629165649414
-0.3571629524230957
-0.3543853759765625
-0.3516554832458496
-0.34891366958618164
-0.3462076187133789
-0.3435373306274414
-0.34090280532836914
-0.33822059631347656
-0.3355979919433594
-0.33299922943115234
-0.3304004669189453
-0.32786130905151367
-0.3253340721130371
-0.3227710723876953
-0.32024383544921875
-0.31778812408447266
-0.31533241271972656
-0.3128528594970703
-0.31044483184814453
-0.30802488327026367
-0.3056168556213379
-0.3032565116882324
-0.3009200096130371
-0.2985835075378418
-0.2962350845336914
-0.29392242431640625
-0.29164552688598633
-0.28939247131347656
-0.2871274948120117
-0.2849459648132324
-0.28270483016967773
-0.2804994583129883
-0.2783060073852539
-0.2761363983154297
-0.2740144729614258
-0.2718806266784668
-0.2697467803955078
-0.2676248550415039
-0.2655982971191406
-0.26351213455200195
-0.26144981384277344
-0.2594113349914551
-0.2573966979980469
-0.25539398193359375
-0.2534031867980957
-0.25142431259155273
-0.249481201171875
-0.24755001068115234
-0.2456068992614746
-0.2436995506286621
-0.2418041229248047
-0.23990869522094727
-0.23804903030395508
-0.23620128631591797
-0.23434162139892578
-0.2325296401977539
-0.23069381713867188
-0.22891759872436523
-0.22711753845214844
-0.22535324096679688
-0.2236008644104004
-0.22186040878295898
-0.2201080322265625
-0.2184152603149414
-0.2167224884033203
-0.21501779556274414
-0.21333694458007812
-0.2116680145263672
-0.2100229263305664
-0.20837783813476562
-0.206756591796875
-0.20514726638793945
-0.20354986190795898
-0.20195245742797852
-0.2003788948059082
-0.19881725311279297
-0.19725561141967773
-0.1957416534423828
-0.19418001174926758
-0.1926898956298828
-0.1911759376525879
-0.18968582153320312
-0.18819570541381836
-0.18672943115234375
-0.18526315689086914
-0.18384456634521484
-0.18236637115478516
-0.18095970153808594
-0.17955303192138672
-0.17815828323364258
-0.17675161361694336
-0.17538070678710938
-0.1740097999572754
-0.1726388931274414
-0.17130374908447266
-0.1699686050415039
-0.16863346099853516
-0.16731023788452148
-0.1659870147705078
-0.16471147537231445
-0.16342401504516602
-0.16214847564697266
-0.16088485717773438
-0.15960931777954102
-0.1583695411682129
-0.15712976455688477
-0.15590190887451172
-0.15468597412109375
-0.15347003936767578
-0.1522660255432129
-0.15107393264770508
-0.14989376068115234
-0.1487255096435547
-0.14755725860595703
-0.14640092849731445
-0.14526844024658203
-0.1441478729248047
-0.14301538467407227
-0.14187097549438477
-0.1407623291015625
-0.1396656036376953
-0.1385807991027832
-0.13750791549682617
-0.13641119003295898
-0.13533830642700195
-0.13428926467895508
-0.13326406478881836
-0.13219118118286133
-0.13114213943481445
-0.1301407814025879
-0.12911558151245117
-0.12810230255126953
-0.12710094451904297
-0.12611150741577148
-0.12511014938354492
-0.12413263320922852
-0.12317895889282227
-0.12220144271850586
-0.12125968933105469
-0.12029409408569336
-0.11935234069824219
-0.1184225082397461
-0.11748075485229492
-0.11658668518066406
-0.11565685272216797
-0.11475086212158203
-0.1138448715209961
-0.11297464370727539
-0.11206865310668945
-0.11121034622192383
-0.11031627655029297
-0.10946989059448242
-0.1086115837097168
-0.10775327682495117
-0.10694265365600586
-0.10608434677124023
-0.10523796081542969
-0.1044154167175293
-0.10358095169067383
-0.1027822494506836
-0.10198354721069336
-0.10117292404174805
-0.10038614273071289
-0.09959936141967773
-0.09881258010864258
-0.0980377197265625
-0.0972747802734375
-0.0965118408203125
-0.0957489013671875
-0.09500980377197266
-0.09428262710571289
-0.09350776672363281
-0.09278059005737305
-0.09206533432006836
-0.0913381576538086
-0.0906229019165039
-0.08990764617919922
-0.08922815322875977
-0.0885009765625
-0.08779764175415039
-0.08713006973266602
-0.08645057678222656
-0.08577108383178711
-0.08507966995239258
-0.08442401885986328
-0.0837564468383789
-0.08310079574584961
-0.08243322372436523
-0.08181333541870117
-0.08115768432617188
-0.08053779602050781
-0.0798940658569336
-0.07928609848022461
-0.07864236831665039
-0.07804632186889648
-0.07742643356323242
-0.07679462432861328
-0.07619857788085938
-0.07560253143310547
-0.07500648498535156
-0.07444620132446289
-0.07385015487670898
-0.07327795028686523
-0.0726938247680664
-0.07210969924926758
-0.0715494155883789
-0.07097721099853516
-0.07044076919555664
-0.06988048553466797
-0.06934404373168945
-0.06878376007080078
-0.06825923919677734
-0.06771087646484375
-0.06718635559082031
-0.06666183471679688
-0.06613731384277344
-0.06561279296875
-0.06508827209472656
-0.06458759307861328
-0.06407499313354492
-0.06356239318847656
-0.06308555603027344
-0.06257295608520508
-0.06210803985595703
-0.06159543991088867
-0.06111860275268555
-0.0606536865234375
-0.060176849365234375
-0.05968809127807617
-0.0592350959777832
-0.058746337890625
-0.05829334259033203
-0.05784034729003906
-0.057387351989746094
-0.05692243576049805
-0.05650520324707031
-0.056052207946777344
-0.055599212646484375
0.4
