26.977279663085938
26.900779724121094
26.82219123840332
26.741666793823242
26.659345626831055
26.575353622436523
26.489826202392578
26.402870178222656
26.31460189819336
26.22512435913086
26.13452911376953
26.04290771484375
25.950347900390625
25.856929779052734
25.762725830078125
25.667808532714844
25.57224464416504
25.476102828979492
25.379438400268555
25.282306671142578
25.184762954711914
25.086854934692383
24.988632202148438
24.890138626098633
24.791418075561523
24.692508697509766
24.593446731567383
24.49427032470703
24.39501190185547
24.295705795288086
24.19637680053711
24.097055435180664
23.99776840209961
23.89853858947754
23.79939079284668
23.70035171508789
23.6014347076416
23.50266456604004
23.40406036376953
23.30563735961914
23.20741081237793
23.109399795532227
23.011615753173828
22.914079666137695
22.816797256469727
22.71977996826172
22.623043060302734
22.52659797668457
22.43045425415039
22.334619522094727
22.239103317260742
22.143917083740234
22.049068450927734
21.95456314086914
21.86039924621582
21.7665958404541
21.67315101623535
21.580074310302734
21.48737335205078
21.395048141479492
21.303102493286133
21.211544036865234
21.120378494262695
21.02960205078125
20.939220428466797
20.849239349365234
20.759660720825195
20.67048454284668
20.58172035217285
20.493364334106445
20.405412673950195
20.317874908447266
20.230751037597656
20.144039154052734
20.05774688720703
19.97186851501465
19.88640785217285
19.801362991333008
19.716739654541016
19.632532119750977
19.54874610900879
19.46537971496582
19.382429122924805
19.299901962280273
19.21779441833496
19.1361026763916
19.05483055114746
18.973976135253906
18.893539428710938
18.813518524169922
18.733917236328125
18.65473175048828
18.575960159301758
18.497602462768555
18.419660568237305
18.342130661010742
18.265010833740234
18.188302993774414
18.11200714111328
18.036117553710938
17.960636138916016
17.885560989379883
17.810894012451172
17.736629486083984
17.66276741027832
17.58930778503418
17.516250610351562
17.443592071533203
17.3713321685791
17.299467086791992
17.227994918823242
17.156917572021484
17.086233139038086
17.015941619873047
16.9460391998291
16.876523971557617
16.80739402770996
16.738651275634766
16.6702938079834
16.602317810058594
16.53472328186035
16.46750831604004
16.40066909790039
16.334211349487305
16.268125534057617
16.20241355895996
16.13707160949707
16.072099685668945
16.007497787475586
15.943264961242676
15.879396438598633
15.815892219543457
15.7527494430542
15.68996810913086
15.627547264099121
15.565485954284668
15.503780364990234
15.442428588867188
15.381431579589844
15.320785522460938
15.260489463806152
15.200539588928223
15.140936851501465
15.081680297851562
15.0227689743042
14.96419906616211
14.90596866607666
14.848079681396484
14.790525436401367
14.733308792114258
14.676424980163574
14.619874954223633
14.5636568069458
14.507766723632812
14.452205657958984
14.39696979522705
14.342061042785645
14.287473678588867
14.233208656311035
14.179265975952148
14.125640869140625
14.072333335876465
14.019340515136719
13.966662406921387
13.914298057556152
13.86224365234375
13.81049633026123
13.75905990600586
13.707929611206055
13.6571044921875
13.606581687927246
13.556361198425293
13.506439208984375
13.456817626953125
13.407492637634277
13.358464241027832
13.309731483459473
13.261289596557617
13.213139533996582
13.165279388427734
13.117708206176758
13.07042407989502
13.02342700958252
12.976713180541992
12.930281639099121
12.884129524230957
12.838258743286133
12.792665481567383
12.747349739074707
12.70230770111084
12.657541275024414
12.613046646118164
12.568821907043457
12.524868965148926
12.481181144714355
12.437762260437012
12.394607543945312
12.351716995239258
12.309088706970215
12.266721725463867
12.224615097045898
12.182766914367676
12.141175270080566
12.09984016418457
12.058758735656738
12.017929077148438
11.977352142333984
11.937024116516113
11.896944046020508
11.857112884521484
11.817526817321777
11.77818489074707
11.73908519744873
11.70022964477539
11.661613464355469
11.623238563537598
11.585100173950195
11.547197341918945
11.509530067443848
11.47209644317627
11.434897422790527
11.397931098937988
11.36119270324707
11.32468318939209
11.288403511047363
11.252347946166992
11.216517448425293
11.180910110473633
11.145526885986328
11.110363960266113
11.075421333312988
11.04069709777832
11.006190299987793
10.97189998626709
10.937824249267578
10.90396499633789
10.870317459106445
10.836880683898926
10.803654670715332
10.770636558532715
10.737828254699707
10.70522403717041
10.672825813293457
10.640633583068848
10.608642578125
10.57685375213623
10.545268058776855
10.513880729675293
10.48269271850586
10.451700210571289
10.420905113220215
10.39030647277832
10.359899520874023
10.329686164855957
10.299665451049805
10.269832611083984
10.240191459655762
10.210737228393555
10.18147087097168
10.15239143371582
10.123496055603027
10.094785690307617
10.06625747680664
10.037911415100098
10.009745597839355
9.981760025024414
9.95395278930664
9.926321983337402
9.898868560791016
9.871590614318848
9.844488143920898
9.817557334899902
9.790799140930176
9.764213562011719
9.737797737121582
9.71155071258545
9.68547248840332
9.659560203552246
9.633814811706543
9.608236312866211
9.582820892333984
9.55756950378418
9.53248119354248
9.507553100585938
9.48278522491455
9.45817756652832
9.433727264404297
9.409435272216797
9.385298728942871
9.361318588256836
9.337491989135742
9.313819885253906
9.290300369262695
9.266932487487793
9.2437162399292
9.220648765563965
9.197731971740723
9.174962997436523
9.15234088897705
9.129866600036621
9.107535362243652
9.085350036621094
9.063308715820312
9.041409492492676
9.0196533203125
8.998037338256836
8.976561546325684
8.955225944519043
8.934027671813965
8.912968635559082
8.892045974731445
8.871258735656738
8.850606918334961
8.83008861541748
8.80970573425293
8.789454460144043
8.769335746765137
8.749346733093262
8.72948932647705
8.709759712219238
8.690159797668457
8.670686721801758
8.651342391967773
8.632122993469238
8.613028526306152
8.594059944152832
8.575215339660645
8.556492805480957
8.537893295288086
8.519414901733398
8.501057624816895
8.482820510864258
8.464702606201172
8.44670295715332
8.42882251739502
8.41105842590332
8.393410682678223
8.37587833404541
8.358461380004883
8.341157913208008
8.323967933654785
8.306891441345215
8.289925575256348
8.273072242736816
8.256329536437988
8.239697456359863
8.223174095153809
8.206758499145508
8.190450668334961
8.174250602722168
8.158157348632812
8.142169952392578
8.126287460327148
8.110509872436523
8.094836235046387
8.079266548156738
8.063796997070312
8.048431396484375
8.03316593170166
8.018001556396484
8.002936363220215
7.98797082901001
7.973104000091553
7.958335876464844
7.94366455078125
7.9290900230407715
7.914612293243408
7.900229454040527
7.885941982269287
7.8717498779296875
7.857649803161621
7.843643665313721
7.82973051071167
7.815909385681152
7.802178859710693
7.788539886474609
7.774990558624268
7.761531829833984
7.748161315917969
7.734879493713379
7.721685409545898
7.7085795402526855
7.695559978485107
7.682627201080322
7.669779300689697
7.657017230987549
7.644338607788086
7.63174295425415
7.619226932525635
7.606790065765381
7.594429969787598
7.582144737243652
7.5699334144592285
7.55779504776001
7.5457282066345215
7.533730983734131
7.521803379058838
7.509945392608643
7.498154640197754
7.486430644989014
7.474773406982422
7.463181972503662
7.451655864715576
7.440193176269531
7.428794860839844
7.417459011077881
7.406185150146484
7.394974231719971
7.38382625579834
7.372738361358643
7.3617119789123535
7.35074520111084
7.33983850479126
7.3289923667907715
7.318205833435059
7.307477951049805
7.296807765960693
7.286196708679199
7.275643825531006
7.265147686004639
7.254708766937256
7.244326114654541
7.234000205993652
7.223730087280273
7.213516712188721
7.203359127044678
7.193256855010986
7.18320894241333
7.173216342926025
7.163277626037598
7.153393268585205
7.143562316894531
7.133785247802734
7.124061107635498
7.114389419555664
7.104771614074707
7.095204830169678
7.085691452026367
7.076229095458984
7.0668182373046875
7.057458400726318
7.048150062561035
7.0388922691345215
7.029684066772461
7.020527362823486
7.011419296264648
7.002361297607422
6.993352890014648
6.98439359664917
6.975483417510986
6.966621398925781
6.957807540893555
6.94904088973999
6.9403228759765625
6.931651592254639
6.923027992248535
6.914451599121094
6.905921936035156
6.897439002990723
6.889001369476318
6.88060998916626
6.872265338897705
6.8639655113220215
6.855710983276367
6.847501754760742
6.839336395263672
6.831216335296631
6.8231401443481445
6.815107822418213
6.807118892669678
6.799174785614014
6.79127311706543
6.7834153175354
6.775600433349609
6.767827987670898
6.760097980499268
6.752409934997559
6.744764804840088
6.737160682678223
6.729598045349121
6.722077369689941
6.714598178863525
6.70715856552124
6.699759483337402
6.69240140914917
6.685083389282227
6.677805423736572
6.670567512512207
6.663367748260498
6.6562089920043945
6.649087905883789
6.642006874084473
6.634964466094971
6.627960205078125
6.620994567871094
6.614066123962402
6.607176303863525
6.6003241539001465
6.593508720397949
6.586731910705566
6.579991817474365
6.573288440704346
6.566621780395508
6.559990882873535
6.553396224975586
6.546838760375977
6.540316581726074
6.5338311195373535
6.527379512786865
6.520963668823242
6.514583110809326
6.508237361907959
6.501925468444824
6.495649337768555
6.489407062530518
6.483199119567871
6.477025985717773
6.47088623046875
6.464779376983643
6.458707809448242
6.452668190002441
6.44666051864624
6.44068717956543
6.434745788574219
6.428837299346924
6.422961235046387
6.417117118835449
6.411304950714111
6.405525207519531
6.399776935577393
6.3940606117248535
6.388375282287598
6.382721424102783
6.377098083496094
6.371506214141846
6.365944862365723
6.360413074493408
6.354911804199219
6.3494415283203125
6.344000816345215
6.338589191436768
6.333208084106445
6.327856540679932
6.32253360748291
6.317239761352539
6.311975955963135
6.306740760803223
6.3015336990356445
6.296355247497559
6.291205883026123
6.286083698272705
6.280989646911621
6.275923728942871
6.2708868980407715
6.265876770019531
6.260894775390625
6.255939960479736
6.251012325286865
6.2461113929748535
6.241237163543701
6.236391067504883
6.231570243835449
6.226776123046875
6.222007751464844
6.21726655960083
6.212551116943359
6.20786190032959
6.203197479248047
6.1985602378845215
6.193948268890381
6.18936014175415
6.184797286987305
6.18026065826416
6.175748825073242
6.171261310577393
6.166798114776611
6.162360191345215
6.157946586608887
6.153556823730469
6.149191379547119
6.14484977722168
6.14053201675415
6.136238098144531
6.131967544555664
6.127720832824707
6.123497009277344
6.119297504425049
6.115119934082031
6.110966205596924
6.1068339347839355
6.102725505828857
6.098639965057373
6.094576358795166
6.0905351638793945
6.086515426635742
6.082518577575684
6.0785441398620605
6.07459020614624
6.070658206939697
6.066748142242432
6.062860012054443
6.058993339538574
6.055147647857666
6.051322937011719
6.047519207000732
6.043736934661865
6.039976119995117
6.036235332489014
6.032514572143555
6.028814792633057
6.025135517120361
6.0214762687683105
6.017836570739746
6.014217376708984
6.010618209838867
6.0070390701293945
6.003479480743408
5.999939441680908
5.996418476104736
5.992917537689209
5.989434719085693
5.985971927642822
5.9825286865234375
5.979104042053223
5.975697994232178
5.972310543060303
5.968942165374756
5.965591907501221
5.962261199951172
5.958947658538818
5.955652236938477
5.952375411987305
5.9491167068481445
5.945876121520996
5.942653179168701
5.939447402954102
5.936259746551514
5.933089256286621
5.929936408996582
5.9268012046813965
5.923683166503906
5.9205827713012695
5.917498588562012
5.914431571960449
5.911381244659424
5.9083476066589355
5.905332088470459
5.902332782745361
5.899349212646484
5.8963823318481445
5.893431663513184
5.890497207641602
5.88757848739624
5.884677410125732
5.881792068481445
5.878921985626221
5.876068115234375
5.873228549957275
5.870405197143555
5.867597579956055
5.86480712890625
5.862030982971191
5.8592705726623535
5.8565239906311035
5.853792667388916
5.851076602935791
5.8483757972717285
5.84568977355957
5.843018531799316
5.840363025665283
5.837721347808838
5.835094451904297
5.832481384277344
5.829883098602295
5.827299118041992
5.8247294425964355
5.822174549102783
5.8196330070495605
5.817105770111084
5.814592361450195
5.81209135055542
5.809605598449707
5.807133197784424
5.804675579071045
5.802231311798096
5.799800395965576
5.797382831573486
5.794977188110352
5.792585849761963
5.790207386016846
5.787840843200684
5.785488605499268
5.783150672912598
5.780825138092041
5.778512477874756
5.776212215423584
5.773924350738525
5.771648406982422
5.769384860992432
5.767134189605713
5.764895915985107
5.762670993804932
5.760458469390869
5.7582573890686035
5.756068706512451
5.753891468048096
5.7517266273498535
5.749573707580566
5.747432708740234
5.745302677154541
5.743185997009277
5.7410807609558105
5.738986492156982
5.736904621124268
5.734833717346191
5.732773780822754
5.7307257652282715
5.7286882400512695
5.726661682128906
5.724647045135498
5.7226433753967285
5.720651149749756
5.71867036819458
5.716700077056885
5.71474027633667
5.71279239654541
5.710854530334473
5.708926677703857
5.707010269165039
5.705103397369385
5.703207969665527
5.701323509216309
5.6994500160217285
5.6975860595703125
5.695732116699219
5.693889141082764
5.692055702209473
5.690231800079346
5.688418865203857
5.686614990234375
5.684820652008057
5.6830363273620605
5.681263446807861
5.67949914932251
5.677745819091797
5.676002025604248
5.674267292022705
5.672542095184326
5.6708269119262695
5.6691203117370605
5.667423725128174
5.665735244750977
5.66405725479126
5.662388324737549
5.660728454589844
5.659079074859619
5.657438278198242
5.655806064605713
5.654182434082031
5.652568817138672
5.65096378326416
5.649366855621338
5.6477789878845215
5.646200656890869
5.644629955291748
5.643068313598633
5.641514778137207
5.639970779418945
5.638435363769531
5.636908531188965
5.63538932800293
5.633879661560059
5.632377624511719
5.630884170532227
5.629397869110107
5.6279215812683105
5.626452445983887
5.624990940093994
5.623537540435791
5.6220927238464355
5.620655536651611
5.61922550201416
5.617805004119873
5.616392612457275
5.614988327026367
5.613591194152832
5.61220121383667
5.610818862915039
5.609445095062256
5.608078479766846
5.606719017028809
5.605366230010986
5.604021072387695
5.6026835441589355
5.601353645324707
5.600030899047852
5.598714351654053
5.59740686416626
5.596107482910156
5.594814300537109
5.5935282707214355
5.592249393463135
5.590978145599365
5.5897135734558105
5.588455677032471
5.587204456329346
5.585960388183594
5.584723472595215
5.583492755889893
5.582269191741943
5.581051349639893
5.579841136932373
5.578637599945068
5.5774407386779785
5.5762505531311035
5.575067043304443
5.573890209197998
5.572721004486084
5.571557521820068
5.570400238037109
5.569249153137207
5.568104267120361
5.566966533660889
5.565834045410156
5.564708232879639
5.5635881423950195
5.562473773956299
5.561365604400635
5.560264587402344
5.559169292449951
5.558079719543457
5.556995868682861
5.555917739868164
5.554847240447998
5.553782939910889
5.5527238845825195
5.551670551300049
5.550622940063477
5.549581050872803
5.548545837402344
5.547515869140625
5.546491622924805
5.545472145080566
5.544458389282227
5.543450832366943
5.5424485206604
5.541452407836914
5.540461540222168
5.539474964141846
5.538494110107422
5.5375189781188965
5.5365495681762695
5.535585403442383
5.53462553024292
5.5336713790893555
5.532723903656006
5.5317816734313965
5.5308451652526855
5.529913902282715
5.528987407684326
5.5280656814575195
5.527148723602295
5.5262370109558105
5.525330066680908
5.524428367614746
5.523531436920166
5.522639274597168
5.521751403808594
5.520869255065918
5.519991397857666
5.5191192626953125
5.518251419067383
5.517388343811035
5.5165300369262695
5.515676021575928
5.514826774597168
5.513981819152832
5.51314115524292
5.512306213378906
5.511477470397949
5.510653018951416
5.509832859039307
5.509016513824463
5.508204936981201
5.507397174835205
5.506594657897949
5.505796909332275
5.505003452301025
5.504213809967041
5.503428936004639
5.502647399902344
5.501870632171631
5.501097679138184
5.500329971313477
5.499566555023193
5.498807430267334
5.498051643371582
5.497300148010254
5.496553421020508
5.495810031890869
5.495069980621338
5.494335651397705
5.493605136871338
5.4928789138793945
5.492156028747559
5.4914374351501465
5.490721702575684
5.490011692047119
5.489304542541504
5.488602638244629
5.487905025482178
5.487211227416992
5.486520767211914
5.485833644866943
5.48514986038208
5.484469890594482
5.48379373550415
5.483121395111084
5.482452869415283
5.481788635253906
5.481127738952637
5.480470657348633
5.479816913604736
5.4791669845581055
5.478519916534424
5.477876663208008
5.477236270904541
5.47659969329834
5.475967884063721
5.475339412689209
5.4747138023376465
5.474091529846191
5.473472595214844
5.4728569984436035
5.472244739532471
5.471635818481445
5.471029758453369
5.4704270362854
5.469829082489014
5.469233989715576
5.468642234802246
5.46805477142334
5.467470169067383
5.466888427734375
5.466309547424316
5.465734004974365
5.46516227722168
5.464592933654785
5.464026927947998
5.463464736938477
5.4629058837890625
5.462349891662598
5.461796283721924
5.461246013641357
5.46069860458374
5.460153579711914
5.4596123695373535
5.459073543548584
5.458537578582764
5.458005428314209
5.4574761390686035
5.456949234008789
5.45642614364624
5.455905437469482
5.455387592315674
5.454871654510498
5.454359531402588
5.453849792480469
5.453342914581299
5.452837944030762
5.452335834503174
5.451837539672852
5.451342582702637
5.450850009918213
5.45035982131958
5.4498724937438965
5.449387073516846
5.448904514312744
5.448424339294434
5.447947978973389
5.447473526000977
5.447001934051514
5.446533679962158
5.446067810058594
5.445605754852295
5.445146560668945
5.4446892738342285
5.444234371185303
5.443782329559326
5.443331718444824
5.442883014678955
5.442437171936035
5.441993236541748
5.44155216217041
5.441112995147705
5.440676689147949
5.440242767333984
5.439811706542969
5.4393839836120605
5.438958168029785
5.438533782958984
5.438112258911133
5.437692642211914
5.4372758865356445
5.436861515045166
5.436448097229004
5.436037540435791
5.435629367828369
5.43522310256958
5.434819221496582
5.434416770935059
5.434017181396484
5.433620452880859
5.433226585388184
5.432834148406982
5.4324445724487305
5.432056903839111
5.431670188903809
5.431286334991455
5.430904865264893
5.430524826049805
5.430147171020508
5.429771423339844
5.4293975830078125
5.429025650024414
5.428656101226807
5.428287982940674
5.427922248840332
5.427558422088623
5.4271979331970215
5.426838397979736
5.426481246948242
5.426126003265381
5.425772666931152
5.425421237945557
5.425071716308594
5.42472505569458
5.424380302429199
5.424037456512451
5.423696041107178
5.423357009887695
5.4230194091796875
5.422682762145996
5.422348976135254
5.422016620635986
5.421686172485352
5.421358585357666
5.421032428741455
5.420708656311035
5.420385837554932
5.420065402984619
5.419745922088623
5.419428825378418
5.4191131591796875
5.418798923492432
5.41848611831665
5.41817569732666
5.417866230010986
5.417558670043945
5.417252540588379
5.416948318481445
5.416645526885986
5.41634464263916
5.41604471206665
5.415747165679932
5.4154510498046875
5.415157318115234
5.414865493774414
5.414575576782227
5.414287090301514
5.413999557495117
5.4137139320373535
5.413429260253906
5.41314697265625
5.41286563873291
5.412585735321045
5.4123077392578125
5.412031173706055
5.4117560386657715
5.411481857299805
5.411209583282471
5.410938739776611
5.410669326782227
5.410401344299316
5.410134792327881
5.409869194030762
5.409605503082275
5.409343242645264
5.409083366394043
5.408824920654297
5.408567905426025
5.4083123207092285
5.408057689666748
5.407804489135742
5.407553195953369
5.4073028564453125
5.4070539474487305
5.406805992126465
5.406559467315674
5.406314373016357
5.406071186065674
5.405828952789307
5.405587673187256
5.40534782409668
5.40510892868042
5.404871940612793
5.404635429382324
5.40440034866333
5.4041666984558105
5.403934001922607
5.403702735900879
5.403472900390625
5.4032440185546875
5.403018474578857
5.40279483795166
5.402571678161621
5.402350425720215
5.402129173278809
5.401909828186035
5.40169095993042
5.4014739990234375
5.4012579917907715
5.401042938232422
5.400829315185547
5.4006171226501465
5.4004058837890625
5.400195121765137
5.3999857902526855
5.399777889251709
5.399570941925049
5.399364471435547
1.0
2.0
2.250317096710205
2.268824815750122
2.2870399951934814
2.304999589920044
2.32273268699646
2.340264320373535
2.357614278793335
2.3747992515563965
2.391831874847412
2.4087233543395996
2.425482988357544
2.4421181678771973
2.458634614944458
2.4750375747680664
2.4913315773010254
2.5075199604034424
2.5236055850982666
2.539591073989868
2.555478811264038
2.57127046585083
2.586967945098877
2.6025726795196533
2.6180849075317383
2.6335062980651855
2.648838520050049
2.6640820503234863
2.6792373657226562
2.694305419921875
2.709287166595459
2.724182605743408
2.7389934062957764
2.7537190914154053
2.7683610916137695
2.7829198837280273
2.7973954677581787
2.811788558959961
2.8261001110076904
2.840330123901367
2.8544793128967285
2.868548631668091
2.8825371265411377
2.896446704864502
2.9102773666381836
2.92402982711792
2.9377033710479736
2.9512999057769775
2.9648191928863525
2.978261709213257
2.9916279315948486
3.0049188137054443
3.018134117126465
3.0312743186950684
3.0443403720855713
3.0573320388793945
3.0702505111694336
3.0830960273742676
3.095867872238159
3.108567476272583
3.1211960315704346
3.1337523460388184
3.146238088607788
3.1586527824401855
3.1709976196289062
3.183272361755371
3.1954774856567383
3.207613706588745
3.2196812629699707
3.2316808700561523
3.243612051010132
3.2554757595062256
3.2672722339630127
3.2790019512176514
3.290665626525879
3.3022637367248535
3.313796043395996
3.325263261795044
3.336665630340576
3.3480031490325928
3.3592770099639893
3.3704869747161865
3.381633758544922
3.3927178382873535
3.403738260269165
3.4146974086761475
3.4255943298339844
3.436429977416992
3.4472038745880127
3.4579172134399414
3.4685704708099365
3.479163646697998
3.489696502685547
3.5001702308654785
3.510584592819214
3.5209407806396484
3.531238317489624
3.541477918624878
3.5516598224639893
3.561784267425537
3.5718514919281006
3.581861734390259
3.591815710067749
3.601713180541992
3.611555337905884
3.621342182159424
3.631073236465454
3.64074969291687
3.65037202835083
3.659939765930176
3.6694538593292236
3.678915023803711
3.6883223056793213
3.697676658630371
3.706977367401123
3.716226100921631
3.7254228591918945
3.734567880630493
3.7436611652374268
3.7527034282684326
3.761695146560669
3.7706363201141357
3.779527187347412
3.788367748260498
3.79715895652771
3.805901050567627
3.8145930767059326
3.8232362270355225
3.8318302631378174
3.840376853942871
3.848875045776367
3.857325553894043
3.8657286167144775
3.87408447265625
3.8823928833007812
3.8906548023223877
3.8988704681396484
3.9070401191711426
3.915163993835449
3.9232418537139893
3.931273937225342
3.9392611980438232
3.9472036361694336
3.955101251602173
3.96295428276062
3.970763683319092
3.9785289764404297
3.986250877380371
3.993929386138916
4.0015645027160645
4.009157180786133
4.016706943511963
4.024214267730713
4.031680107116699
4.0391035079956055
4.046485424041748
4.0538249015808105
4.061123847961426
4.068382263183594
4.075599193572998
4.082776069641113
4.089912414550781
4.09700870513916
4.104065418243408
4.111082553863525
4.118060111999512
4.124998092651367
4.131897926330566
4.138758659362793
4.145580768585205
4.152365207672119
4.159111022949219
4.1658196449279785
4.172490119934082
4.1791229248046875
4.185719013214111
4.192277908325195
4.198800563812256
4.205286502838135
4.211735725402832
4.218148708343506
4.224525451660156
4.2308669090271
4.237173080444336
4.243443012237549
4.249678611755371
4.255878925323486
4.262045383453369
4.268177509307861
4.274274826049805
4.280337810516357
4.286365985870361
4.292361259460449
4.2983222007751465
4.304250240325928
4.310145378112793
4.316006660461426
4.321835041046143
4.32763147354126
4.333395481109619
4.339127063751221
4.344826698303223
4.350494384765625
4.356130123138428
4.361734390258789
4.367307662963867
4.372849941253662
4.378361225128174
4.383841037750244
4.389290809631348
4.394709587097168
4.40009880065918
4.405457019805908
4.41078519821167
4.416084289550781
4.421352863311768
4.4265923500061035
4.431802272796631
4.436983108520508
4.442135334014893
4.447258472442627
4.452353000640869
4.457418918609619
4.462456703186035
4.467466831207275
4.472448348999023
4.4774017333984375
4.482327938079834
4.487226963043213
4.492097854614258
4.496941089630127
4.501757621765137
4.506547451019287
4.51131010055542
4.516046524047852
4.520756244659424
4.525439739227295
4.530097484588623
4.53472900390625
4.539334774017334
4.543914318084717
4.548469066619873
4.552997589111328
4.557501316070557
4.5619797706604
4.566432952880859
4.57086181640625
4.575265884399414
4.579645156860352
4.584000110626221
4.5883307456970215
4.592636585235596
4.596919059753418
4.601177215576172
4.605411529541016
4.609622478485107
4.613809585571289
4.6179728507995605
4.6221137046813965
4.626231670379639
4.630326271057129
4.634398460388184
4.638447284698486
4.642473220825195
4.646477699279785
4.650459289550781
4.654418468475342
4.658355712890625
4.662271499633789
4.666164398193359
4.670036315917969
4.673886299133301
4.677714824676514
4.681521892547607
4.68530797958374
4.689072608947754
4.692816257476807
4.696539402008057
4.700241565704346
4.703922748565674
4.707583904266357
4.711224555969238
4.714844703674316
4.718444347381592
4.722023963928223
4.725584506988525
4.729124546051025
4.732645034790039
4.736145496368408
4.739627361297607
4.743088722229004
4.7465314865112305
4.749954700469971
4.753359794616699
4.756744861602783
4.760111331939697
4.763458728790283
4.766787528991699
4.7700982093811035
4.77338981628418
4.776663303375244
4.779918193817139
4.78315544128418
4.786374568939209
4.789576053619385
4.792758941650391
4.795924663543701
4.799072742462158
4.802203178405762
4.805315971374512
4.808411121368408
4.811489582061768
4.814550876617432
4.817594051361084
4.820621013641357
4.823631286621094
4.826624870300293
4.829601764678955
4.83256196975708
4.835505962371826
4.838433265686035
4.841344356536865
4.844239234924316
4.8471174240112305
4.849979877471924
4.8528265953063965
4.85565710067749
4.858471870422363
4.861271381378174
4.864055156707764
4.866823196411133
4.869575500488281
4.872313022613525
4.875035762786865
4.877742290496826
4.880434513092041
4.883111000061035
4.885773181915283
4.888421058654785
4.891053199768066
4.893671035766602
4.896274089813232
4.898863315582275
4.901437759399414
4.903997421264648
4.906543254852295
4.909074783325195
4.911592483520508
4.914095878601074
4.916585445404053
4.919061183929443
4.921523094177246
4.923971176147461
4.926405906677246
4.928826808929443
4.931234836578369
4.933629035949707
4.936010360717773
4.938377857208252
4.940732002258301
4.94307279586792
4.945401191711426
4.94771671295166
4.950018882751465
4.952308177947998
4.954585075378418
4.956849098205566
4.959100723266602
4.961339950561523
4.963565826416016
4.965779781341553
4.967981338500977
4.970170974731445
4.972348690032959
4.974514007568359
4.9766669273376465
4.978808403015137
4.980937480926514
4.983055114746094
4.985160827636719
4.9872541427612305
4.9893364906311035
4.9914069175720215
4.993466377258301
4.995514392852783
4.9975504875183105
4.999575614929199
5.001606464385986
5.003610134124756
5.005605220794678
5.007589817047119
5.009562015533447
5.011523246765137
5.013472557067871
5.015410900115967
5.017338275909424
5.019254207611084
5.021159648895264
5.023054122924805
5.024937152862549
5.026810169219971
5.028672218322754
5.030524253845215
5.032365798950195
5.034196376800537
5.036016941070557
5.037827491760254
5.039628028869629
5.041418552398682
5.043199062347412
5.04496955871582
5.046730041503906
5.04848051071167
5.050221920013428
5.051952838897705
5.053675174713135
5.055387496948242
5.057089805603027
5.058783054351807
5.060466289520264
5.062140941619873
5.063806533813477
5.065462589263916
5.067109107971191
5.068747043609619
5.070374965667725
5.071994304656982
5.073605060577393
5.075206756591797
5.076799392700195
5.078383445739746
5.079958438873291
5.08152437210083
5.0830817222595215
5.084630012512207
5.086170196533203
5.087701797485352
5.089224815368652
5.090739727020264
5.092246055603027
5.093743801116943
5.095232963562012
5.096714496612549
5.098187446594238
5.0996527671813965
5.101109504699707
5.102558612823486
5.103999137878418
5.10543155670166
5.106855869293213
5.108272552490234
5.109681129455566
5.111082553863525
5.112476348876953
5.113862037658691
5.11523962020874
5.1166090965271
5.117971897125244
5.119326591491699
5.120673656463623
5.12201452255249
5.123347282409668
5.124671936035156
5.12598991394043
5.12730073928833
5.128605365753174
5.129900932312012
5.131190299987793
5.132472038269043
5.1337456703186035
5.135012626647949
5.136272430419922
5.13752555847168
5.138772010803223
5.140011310577393
5.141244411468506
5.142469882965088
5.143688678741455
5.144901752471924
5.1461076736450195
5.147306442260742
5.14849853515625
5.149684429168701
5.150864124298096
5.152037143707275
5.15320348739624
5.15436315536499
5.155516624450684
5.156662940979004
5.157803058624268
5.158937454223633
5.160063743591309
5.161185264587402
5.162300109863281
5.163409233093262
5.164512634277344
5.165609836578369
5.1666998863220215
5.167784214019775
5.168863296508789
5.169936180114746
5.171003818511963
5.172064781188965
5.17311954498291
5.174168586730957
5.175212383270264
5.176250457763672
5.17728328704834
5.178308486938477
5.179327964782715
5.180341720581055
5.181349754333496
5.182353496551514
5.183351516723633
5.184342384338379
5.185328960418701
5.186310291290283
5.187285423278809
5.18825626373291
5.1892218589782715
5.190181255340576
5.191135883331299
5.192084312438965
5.193027973175049
5.193966388702393
5.1949005126953125
5.195828914642334
5.196751594543457
5.197669506072998
5.198582649230957
5.199491024017334
5.200394153594971
5.201292514801025
5.202184200286865
5.203071117401123
5.203953742980957
5.204831600189209
5.205704212188721
5.20657205581665
5.207435131072998
5.208293914794922
5.2091474533081055
5.209995746612549
5.210840225219727
5.2116804122924805
5.212515354156494
5.213346481323242
5.21417236328125
5.214993000030518
5.2158098220825195
5.216621398925781
5.2174296379089355
5.218233108520508
5.219032287597656
5.219827651977539
5.220617771148682
5.221403121948242
5.222184181213379
5.222961902618408
5.2237348556518555
5.224503040313721
5.225266456604004
5.22602653503418
5.226780891418457
5.227531433105469
5.228278160095215
5.229021072387695
5.229759216308594
5.230494499206543
5.231225490570068
5.23195219039917
5.232675075531006
5.233393669128418
5.234107494354248
5.234817981719971
5.235524654388428
5.236227989196777
5.236927509307861
5.23762321472168
5.238315105438232
5.239002704620361
5.239686012268066
5.240365982055664
5.241042137145996
5.241714954376221
5.24238395690918
5.243049144744873
5.243711471557617
5.244369983673096
5.245023727416992
5.245673656463623
5.246320724487305
5.2469635009765625
5.247602462768555
5.248237609863281
5.2488694190979
5.24949836730957
5.250123977661133
5.2507452964782715
5.2513628005981445
5.251977443695068
5.252588272094727
5.2531962394714355
5.253801345825195
5.254402160644531
5.255000591278076
5.255595684051514
5.256187438964844
5.256776809692383
5.257360935211182
5.257942199707031
5.258520603179932
5.259096145629883
5.259667873382568
5.260237216949463
5.26080322265625
5.261366367340088
5.261926174163818
5.262483596801758
5.263037204742432
5.26358699798584
5.264134407043457
5.264678001403809
5.265219688415527
5.265758514404297
5.266294002532959
5.266826629638672
5.267356872558594
5.267883777618408
5.268408298492432
5.268929958343506
5.269446849822998
5.269960403442383
5.270471096038818
5.270979404449463
5.271485328674316
5.271988391876221
5.272488117218018
5.272985935211182
5.2734808921813965
5.27397346496582
5.274463176727295
5.274950981140137
5.2754340171813965
5.275914192199707
5.276391983032227
5.276867389678955
5.277340412139893
5.277811050415039
5.2782793045043945
5.278745174407959
5.279208183288574
5.279669284820557
5.28012752532959
5.280583381652832
5.281036853790283
5.281486511230469
5.2819342613220215
5.282379150390625
5.2828216552734375
5.283262252807617
5.283700942993164
5.28413724899292
5.284571647644043
5.285002708435059
5.285431861877441
5.285858631134033
5.286283016204834
5.2867045402526855
5.287123680114746
5.287540912628174
5.287955284118652
5.28836727142334
5.288776874542236
5.2891845703125
5.289590358734131
5.289993762969971
5.2903947830200195
5.2907938957214355
5.291191101074219
5.291586399078369
5.29197883605957
5.292367935180664
5.292755603790283
5.293140888214111
5.293524265289307
5.2939043045043945
5.294281959533691
5.294658660888672
5.295032978057861
5.295405387878418
5.295775413513184
5.296143531799316
5.296510696411133
5.296875
5.297237396240234
5.297598361968994
5.297956943511963
5.298314094543457
5.29866886138916
5.299022197723389
5.299373149871826
5.299721717834473
5.30006742477417
5.300412654876709
5.300755023956299
5.301095962524414
5.3014349937438965
5.301772117614746
5.302107334136963
5.302441120147705
5.302773475646973
5.303103446960449
5.303431987762451
5.30375862121582
5.304083824157715
5.304406642913818
5.3047285079956055
5.305047988891602
5.305366039276123
5.305682182312012
5.305995464324951
5.306307315826416
5.306617259979248
5.306926250457764
5.3072333335876465
5.307538986206055
5.307842254638672
5.308144569396973
5.308444499969482
5.308743953704834
5.3090410232543945
5.309337139129639
5.30963134765625
5.3099236488342285
5.310214519500732
5.310503959655762
5.310791969299316
5.3110785484313965
5.311363220214844
5.311646461486816
5.311927318572998
5.312206268310547
5.312483787536621
5.312760353088379
5.313035011291504
5.3133087158203125
5.31358003616333
5.313850402832031
5.314119815826416
5.314387321472168
5.314651966094971
5.314915657043457
5.315177917480469
5.315438747406006
5.315698146820068
5.315956115722656
5.316213130950928
5.316469192504883
5.316722869873047
5.3169755935668945
5.317226886749268
5.317477226257324
5.317726135253906
5.317972183227539
5.3182172775268555
5.318460464477539
5.318702697753906
5.318943977355957
5.319183826446533
5.319422721862793
5.31965970993042
5.319896221160889
5.320131301879883
5.320364952087402
5.3205976486206055
5.320828914642334
5.321058750152588
5.321287631988525
5.3215155601501465
5.321742057800293
5.321967124938965
5.32219123840332
5.322413921356201
5.322635173797607
5.3228559494018555
5.323074817657471
5.3232927322387695
5.323509216308594
5.323724746704102
5.323938369750977
5.324151039123535
5.324362277984619
5.3245720863342285
5.3247809410095215
5.32498836517334
5.325194358825684
5.325400352478027
5.3256049156188965
5.325808048248291
5.326010227203369
5.326211452484131
5.326411724090576
5.326610565185547
5.326808452606201
5.327005386352539
5.3272013664245605
5.327395915985107
5.327589988708496
5.327783107757568
5.327974796295166
5.328165054321289
5.328354835510254
5.328543663024902
5.328731536865234
5.32891845703125
5.329103946685791
5.329288005828857
5.329472064971924
5.329655170440674
5.329836845397949
5.33001708984375
5.330195903778076
5.330373287200928
5.330550193786621
5.330726146697998
5.330901145935059
5.331075191497803
5.331248760223389
5.3314208984375
5.331592082977295
5.331762790679932
5.331932067871094
5.332100868225098
5.332268714904785
5.332435131072998
5.332601070404053
5.332766056060791
5.332930088043213
5.333093643188477
5.333256244659424
5.333417892456055
5.333578586578369
5.333738327026367
5.333897113800049
5.334054946899414
5.334212303161621
5.334368705749512
5.334524631500244
5.33467960357666
5.334833145141602
5.334986686706543
5.335139274597168
5.335290431976318
5.3354411125183105
5.3355913162231445
5.335740089416504
5.335888385772705
5.336036205291748
5.336181640625
5.3363261222839355
5.336470127105713
5.336613655090332
5.336755752563477
5.3368964195251465
5.3370361328125
5.337175369262695
5.337313652038574
5.337451457977295
5.337588310241699
5.3377251625061035
5.337860584259033
5.337995529174805
5.338129997253418
5.338263511657715
5.3383965492248535
5.338528156280518
5.33866024017334
5.3387908935546875
5.338920593261719
5.33905029296875
5.339179039001465
5.3393073081970215
5.3394341468811035
5.3395609855651855
5.339686870574951
5.339812278747559
5.339937210083008
5.340060710906982
5.340184211730957
5.340306758880615
5.340428829193115
5.340550422668457
5.340671062469482
5.340790748596191
5.3409104347229
5.341029167175293
5.341147422790527
5.341264724731445
5.341381549835205
5.341497898101807
5.34161376953125
5.341728210449219
5.341843128204346
5.341956615447998
5.34207010269165
5.342182636260986
5.342293739318848
5.342403411865234
5.342513084411621
5.342622756958008
5.34273099899292
5.342839241027832
5.342946529388428
5.343053340911865
5.3431596755981445
5.343266010284424
5.3433709144592285
5.343475818634033
5.3435797691345215
5.343683242797852
5.343785762786865
5.343888282775879
5.343990325927734
5.344091892242432
5.3441925048828125
5.344292640686035
5.344392776489258
5.344491481781006
5.344590187072754
5.344688415527344
5.344786167144775
5.344883441925049
5.344979763031006
5.345076084136963
5.3451714515686035
5.345266819000244
5.345361232757568
5.345455169677734
5.345548629760742
5.345641136169434
5.345734119415283
5.345826148986816
5.345917701721191
5.346008777618408
5.346098899841309
5.346189498901367
5.346278667449951
5.346367835998535
5.346456050872803
5.34654426574707
5.34663200378418
5.346719264984131
5.346806049346924
5.346892356872559
5.346978187561035
5.3470635414123535
5.347148418426514
5.347232341766357
5.347316741943359
5.347400188446045
5.3474836349487305
5.347566604614258
5.347648620605469
5.34773063659668
5.347812175750732
5.347892761230469
5.347973346710205
5.348053932189941
5.348133563995361
5.348212718963623
5.348292350769043
5.348369121551514
5.348445892333984
5.348522663116455
5.348598480224609
5.348674297332764
5.348750114440918
5.348824501037598
5.348898887634277
5.348973274230957
5.34904670715332
5.349119663238525
5.349193096160889
5.3492655754089355
5.349337577819824
5.349409580230713
5.349481105804443
5.349551677703857
5.34962272644043
5.349693298339844
5.349762916564941
5.349832534790039
5.349902153015137
5.349970817565918
5.350039005279541
5.350107192993164
5.350174903869629
5.3502421379089355
5.350309371948242
5.350376605987549
5.350442409515381
5.350508213043213
5.350574016571045
5.3506388664245605
5.350703716278076
5.350768089294434
5.350832939147949
5.35089635848999
5.350959777832031
5.3510236740112305
5.351086139678955
5.35114860534668
5.351210594177246
5.351273059844971
5.351334095001221
5.351395130157471
5.351456165313721
5.351517200469971
5.351576805114746
5.35163688659668
5.351696491241455
5.3517560958862305
5.351814270019531
5.35187292098999
5.351931571960449
5.35198974609375
5.352046966552734
5.352104187011719
5.352161884307861
5.3522186279296875
5.3522748947143555
5.352330684661865
5.352386951446533
5.352442741394043
5.352497577667236
5.35255241394043
5.352607250213623
5.352661609649658
5.352715492248535
5.352768898010254
5.352822780609131
5.352875709533691
5.352928161621094
5.352980613708496
5.353033542633057
5.353085994720459
5.353137016296387
5.353188514709473
5.3532395362854
5.353291034698486
5.353341579437256
5.353391647338867
5.3534417152404785
5.35349178314209
5.353541851043701
5.353590488433838
5.353639602661133
5.3536882400512695
5.353736877441406
5.353785991668701
5.3538336753845215
5.353880882263184
5.353928565979004
5.353976249694824
5.354023456573486
5.354069709777832
5.354115962982178
5.354162693023682
5.354208946228027
5.354255199432373
5.354300498962402
5.354345798492432
5.354390621185303
5.354434490203857
5.354477882385254
5.35452127456665
5.354564189910889
5.354606628417969
5.354649543762207
5.354692459106445
5.354734897613525
5.354776382446289
5.354817867279053
5.354859352111816
5.35490083694458
5.354942321777344
5.354983329772949
5.3550238609313965
5.3550639152526855
5.355104446411133
5.355144500732422
5.355185031890869
5.355224609375
5.355263710021973
5.355302810668945
5.355341911315918
5.355380535125732
5.355419635772705
5.355457782745361
5.355495452880859
5.355533123016357
5.355571269989014
5.355608940124512
5.355647087097168
5.355684280395508
5.355720520019531
5.355757236480713
5.3557939529418945
5.355830669403076
5.355867385864258
5.355903148651123
5.35593843460083
5.355974197387695
5.356009483337402
5.356044769287109
5.356080055236816
5.356114864349365
5.356149196624756
5.3561835289001465
5.356217384338379
5.3562517166137695
5.35628604888916
5.356319904327393
5.356353759765625
5.356386661529541
5.356419563293457
5.356452465057373
5.356485366821289
5.356518268585205
5.356551170349121
5.356583595275879
5.3566155433654785
5.35664701461792
5.3566789627075195
5.356710910797119
5.3567423820495605
5.35677433013916
5.356805324554443
5.356835842132568
5.356866359710693
5.356896877288818
5.356927394866943
5.356957912445068
5.356988430023193
5.357018947601318
5.357048034667969
5.357077598571777
5.357106685638428
5.357136249542236
5.357165336608887
5.357194900512695
5.357223987579346
5.357252597808838
5.357280731201172
5.357308864593506
5.35733699798584
5.357365131378174
5.357393264770508
5.357420921325684
5.357449054718018
5.357477188110352
a
-3.7125587463378906
-3.8249969482421875
-3.929424285888672
-4.026222229003906
-4.116058349609375
-4.1996002197265625
-4.276371002197266
-4.347801208496094
-4.413414001464844
-4.473876953125
-4.529762268066406
-4.5810699462890625
-4.62799072265625
-4.670906066894531
-4.710197448730469
-4.7458648681640625
-4.778194427490234
-4.807090759277344
-4.833221435546875
-4.856586456298828
-4.877185821533203
-4.8954010009765625
-4.911136627197266
-4.924678802490234
-4.936027526855469
-4.945468902587891
-4.953098297119141
-4.958820343017578
-4.962921142578125
-4.965305328369141
-4.966449737548828
-4.966068267822266
-4.964351654052734
-4.961490631103516
-4.957389831542969
-4.951953887939453
-4.945850372314453
-4.938507080078125
-4.930210113525391
-4.921150207519531
-4.911327362060547
-4.900550842285156
-4.889202117919922
-4.876804351806641
-4.8641204833984375
-4.850864410400391
-4.836845397949219
-4.822254180908203
-4.807186126708984
-4.791736602783203
-4.775810241699219
-4.759311676025391
-4.742431640625
-4.7252655029296875
-4.708194732666016
-4.6901702880859375
-4.6722412109375
-4.653835296630859
-4.635047912597656
-4.616260528564453
-4.597282409667969
-4.577922821044922
-4.558277130126953
-4.538822174072266
-4.519081115722656
-4.499053955078125
-4.478931427001953
-4.458808898925781
-4.438209533691406
-4.4178009033203125
-4.3975830078125
-4.376888275146484
-4.356193542480469
-4.335594177246094
-4.314613342285156
-4.293918609619141
-4.273033142089844
-4.2522430419921875
-4.231166839599609
-4.210376739501953
-4.189300537109375
-4.1683197021484375
-4.147529602050781
-4.1263580322265625
-4.105377197265625
-4.084587097167969
-4.063606262207031
-4.042720794677734
-4.0218353271484375
-4.001045227050781
-3.9800643920898438
-3.9592742919921875
-3.938579559326172
-3.9178848266601562
-3.8970947265625
-3.876495361328125
-3.8559913635253906
-3.8353919982910156
-3.8147926330566406
-3.7944793701171875
-3.7740707397460938
-3.7537574768066406
-3.733348846435547
-3.713226318359375
-3.693103790283203
-3.6729812622070312
-3.6528587341308594
-3.6329269409179688
-3.612995147705078
-3.5932540893554688
-3.5736083984375
-3.5538673400878906
-3.534221649169922
-3.514575958251953
-3.4951210021972656
-3.4757614135742188
-3.4564971923828125
-3.4371376037597656
-3.4178733825683594
-3.3987998962402344
-3.3797264099121094
-3.360748291015625
-3.341960906982422
-3.322887420654297
-3.304290771484375
-3.2855987548828125
-3.2670974731445312
-3.24859619140625
-3.2300949096679688
-3.211641311645508
-3.1934261322021484
-3.175210952758789
-3.1571388244628906
-3.139066696166992
-3.121042251586914
-3.1030654907226562
-3.0852794647216797
-3.0675888061523438
-3.0498504638671875
-3.0323028564453125
-3.014802932739258
-2.9974937438964844
-2.9801368713378906
-2.962827682495117
-2.945566177368164
-2.928495407104492
-2.911520004272461
-2.894449234008789
-2.8777122497558594
-2.8608322143554688
-2.8441905975341797
-2.8275012969970703
-2.8109073638916016
-2.794504165649414
-2.7780532836914062
-2.7617931365966797
-2.7454376220703125
-2.729368209838867
-2.7132511138916016
-2.697134017944336
-2.681255340576172
-2.665376663208008
-2.6496410369873047
-2.6339054107666016
-2.6182174682617188
-2.602720260620117
-2.5873661041259766
-2.5718212127685547
-2.5565147399902344
-2.5412559509277344
-2.5261402130126953
-2.5110244750976562
-2.4960994720458984
-2.4810791015625
-2.466249465942383
-2.4514198303222656
-2.4366378784179688
-2.4220943450927734
-2.407503128051758
-2.393007278442383
-2.378559112548828
-2.364206314086914
-2.349853515625
-2.335691452026367
-2.3215770721435547
-2.307605743408203
-2.293539047241211
-2.2796630859375
-2.265787124633789
-2.2521018981933594
-2.238321304321289
-2.2247314453125
-2.2112369537353516
-2.1976470947265625
-2.1843910217285156
-2.1709442138671875
-2.157735824584961
-2.1445274353027344
-2.1314144134521484
-2.118349075317383
-2.1053314208984375
-2.092409133911133
-2.0795822143554688
-2.0667552947998047
-2.0540714263916016
-2.041482925415039
-2.0288467407226562
-2.0164012908935547
-2.0040035247802734
-1.9915580749511719
-1.9793033599853516
-1.9670963287353516
-1.9549846649169922
-1.9427776336669922
-1.9308090209960938
-1.9187450408935547
-1.9069194793701172
-1.8951416015625
-1.8833637237548828
-1.8716812133789062
-1.8599510192871094
-1.8483161926269531
-1.8369197845458984
-1.8254756927490234
-1.8139839172363281
-1.8027782440185547
-1.791524887084961
-1.7803668975830078
-1.7691612243652344
-1.7581462860107422
-1.74713134765625
-1.7362117767333984
-1.7253398895263672
-1.7145156860351562
-1.703786849975586
-1.692962646484375
-1.6823768615722656
-1.6718387603759766
-1.6613006591796875
-1.6509056091308594
-1.6404151916503906
-1.6302108764648438
-1.6199111938476562
-1.6096115112304688
-1.5995502471923828
-1.5894412994384766
-1.57928466796875
-1.569366455078125
-1.5594005584716797
-1.5496253967285156
-1.539754867553711
-1.5299320220947266
-1.5203475952148438
-1.5106678009033203
-1.5010356903076172
-1.4916419982910156
-1.4820575714111328
-1.4727115631103516
-1.46331787109375
-1.4539718627929688
-1.4447689056396484
-1.4355182647705078
-1.4264106750488281
-1.4173030853271484
-1.4082908630371094
-1.3992786407470703
-1.3903617858886719
-1.381540298461914
-1.372671127319336
-1.3638973236083984
-1.355123519897461
-1.3465404510498047
-1.3379096984863281
-1.3292789459228516
-1.320791244506836
-1.3123512268066406
-1.3039112091064453
-1.295614242553711
-1.2872695922851562
-1.2789249420166016
-1.2707710266113281
-1.2625694274902344
-1.254415512084961
-1.2464046478271484
-1.238393783569336
-1.2303829193115234
-1.2225151062011719
-1.214599609375
-1.206827163696289
-1.1990070343017578
-1.1913299560546875
-1.1836051940917969
-1.1759757995605469
-1.1683940887451172
-1.1608123779296875
-1.1533737182617188
-1.1458396911621094
-1.138448715209961
-1.1311054229736328
-1.1237144470214844
-1.1165618896484375
-1.1092662811279297
-1.1020660400390625
-1.094961166381836
-1.087808609008789
-1.0807991027832031
-1.0737895965576172
-1.0667800903320312
-1.0599136352539062
-1.0529518127441406
-1.046133041381836
-1.0393619537353516
-1.0325908660888672
-1.0259151458740234
-1.019144058227539
-1.012563705444336
-1.0059356689453125
-0.99945068359375
-0.9928703308105469
-0.986480712890625
-0.9799957275390625
-0.9736537933349609
-0.9672164916992188
-0.9609699249267578
-0.9547233581542969
-0.9484291076660156
-0.942230224609375
-0.936126708984375
-0.9299755096435547
-0.923919677734375
-0.9178638458251953
-0.9118556976318359
-0.9058952331542969
-0.8999824523925781
-0.8940219879150391
-0.8882045745849609
-0.8823871612548828
-0.876617431640625
-0.8708477020263672
-0.86517333984375
-0.8594989776611328
-0.8538246154785156
-0.8482933044433594
-0.8426666259765625
-0.8371353149414062
-0.83160400390625
-0.8261680603027344
-0.8207798004150391
-0.8153915405273438
-0.8100032806396484
-0.8046627044677734
-0.7993698120117188
-0.7941246032714844
-0.78887939453125
-0.7836818695068359
-0.7784843444824219
-0.7734775543212891
-0.768280029296875
-0.7632732391357422
-0.7582187652587891
-0.7532596588134766
-0.7482767105102539
-0.7433414459228516
-0.7384061813354492
-0.7335662841796875
-0.7287263870239258
-0.7238864898681641
-0.719141960144043
-0.7143735885620117
-0.7096052169799805
-0.7050037384033203
-0.7003068923950195
-0.6956577301025391
-0.6910562515258789
-0.6865262985229492
-0.6819486618041992
-0.6774663925170898
-0.6729364395141602
-0.6685256958007812
-0.6640911102294922
-0.6597042083740234
-0.6552934646606445
-0.6509780883789062
-0.6466388702392578
-0.64239501953125
-0.6381034851074219
-0.6339311599731445
-0.6297826766967773
-0.6258010864257812
-0.6218433380126953
-0.6180047988891602
-0.6142616271972656
-0.6105661392211914
-0.6069183349609375
-0.6033420562744141
-0.5998611450195312
-0.5963802337646484
-0.5928993225097656
-0.5895376205444336
-0.5861997604370117
-0.5828619003295898
-0.5795717239379883
-0.5763053894042969
-0.5731344223022461
-0.569915771484375
-0.5667924880981445
-0.5636930465698242
-0.5605459213256836
-0.557398796081543
-0.5543947219848633
-0.5513191223144531
-0.5483388900756836
-0.5453348159790039
-0.5423069000244141
-0.5393266677856445
-0.5363941192626953
-0.5335092544555664
-0.530552864074707
-0.527644157409668
-0.5248069763183594
-0.5219459533691406
-0.5191326141357422
-0.5162954330444336
-0.5135059356689453
-0.5106687545776367
-0.5078792572021484
-0.5051136016845703
-0.5023956298828125
-0.4996299743652344
-0.4969358444213867
-0.4942178726196289
-0.4915475845336914
-0.48885345458984375
-0.4862070083618164
-0.4835844039916992
-0.48089027404785156
-0.47833919525146484
-0.47566890716552734
-0.4731178283691406
-0.47054290771484375
-0.46799182891845703
-0.46541690826416016
-0.4628896713256836
-0.46041011810302734
-0.45783519744873047
-0.45540332794189453
-0.4528999328613281
-0.4504203796386719
-0.4479646682739258
-0.4455089569091797
-0.4431009292602539
-0.4406929016113281
-0.43833255767822266
-0.4359006881713867
-0.4335641860961914
-0.4311800003051758
-0.4288196563720703
-0.426483154296875
-0.4241466522216797
-0.42188167572021484
-0.4195690155029297
-0.4172325134277344
-0.4149913787841797
-0.41272640228271484
-0.41046142578125
-0.4082679748535156
-0.4060029983520508
-0.4038095474243164
-0.40161609649658203
-0.3994464874267578
-0.3972053527832031
-0.3950834274291992
-0.39288997650146484
-0.3907442092895508
-0.3886222839355469
-0.38650035858154297
-0.3844022750854492
-0.38225650787353516
-0.3802061080932617
-0.3781318664550781
-0.3760337829589844
-0.3739595413208008
-0.3719806671142578
-0.36995410919189453
-0.3679037094116211
-0.36590099334716797
-0.36389827728271484
-0.3618955612182617
-0.3599882125854492
-0.3579378128051758
-0.35605430603027344
-0.3540515899658203
-0.35212039947509766
-0.35021305084228516
-0.3482818603515625
-0.3464221954345703
-0.34449100494384766
-0.3426074981689453
-0.3407716751098633
-0.3388404846191406
-0.3370046615600586
-0.33516883850097656
-0.33333301544189453
-0.3315448760986328
-0.32973289489746094
-0.32787322998046875
-0.3261089324951172
-0.32427310943603516
-0.32258033752441406
-0.32079219818115234
-0.3190279006958008
-0.3172874450683594
-0.3155946731567383
-0.31380653381347656
-0.31211376190185547
-0.3103971481323242
-0.3086566925048828
-0.3069877624511719
-0.3053426742553711
-0.30357837677001953
-0.30198097229003906
-0.3003835678100586
-0.29866695404052734
-0.2970695495605469
-0.2954244613647461
-0.29380321502685547
-0.292205810546875
-0.29060840606689453
-0.2889871597290039
-0.2874135971069336
-0.2858161926269531
-0.28426647186279297
-0.28269290924072266
-0.28116703033447266
-0.27959346771240234
-0.27806758880615234
-0.27658939361572266
-0.27506351470947266
-0.2735137939453125
-0.2720355987548828
-0.2705812454223633
-0.2690553665161133
-0.2675771713256836
-0.2661466598510742
-0.2646923065185547
-0.26319026947021484
-0.26175975799560547
-0.26035308837890625
-0.2589225769042969
-0.25746822357177734
-0.25610923767089844
-0.2547025680541992
-0.2532958984375
-0.25184154510498047
-0.2505064010620117
-0.2490997314453125
-0.2477407455444336
-0.2463817596435547
-0.24504661560058594
-0.2437114715576172
-0.24230480194091797
-0.2410411834716797
-0.23970603942871094
-0.2384185791015625
-0.2370595932006836
-0.23577213287353516
-0.23446083068847656
-0.23322105407714844
-0.23186206817626953
-0.23059844970703125
-0.22940635681152344
-0.22814273834228516
-0.22683143615722656
-0.22559165954589844
-0.22437572479248047
-0.2231597900390625
-0.22189617156982422
-0.22068023681640625
-0.21948814392089844
-0.21827220916748047
-0.21708011627197266
-0.21588802337646484
-0.21469593048095703
-0.21352767944335938
-0.21233558654785156
-0.21119117736816406
-0.2099752426147461
-0.2088785171508789
-0.2076864242553711
-0.20661354064941406
-0.20542144775390625
-0.20427703857421875
-0.20318031311035156
-0.20205974578857422
-0.2009868621826172
-0.1998424530029297
-0.19872188568115234
-0.19769668579101562
-0.19659996032714844
-0.19550323486328125
-0.19440650939941406
-0.19333362579345703
-0.19228458404541016
-0.19123554229736328
-0.1901865005493164
-0.18911361694335938
-0.18804073333740234
-0.18703937530517578
-0.18603801727294922
-0.18498897552490234
-0.18396377563476562
-0.18296241760253906
-0.18198490142822266
-0.18095970153808594
-0.17995834350585938
-0.1789569854736328
-0.1779794692993164
-0.177001953125
-0.17604827880859375
-0.1750469207763672
-0.17414093017578125
-0.1731395721435547
-0.17216205596923828
-0.1712322235107422
-0.1703023910522461
-0.16937255859375
-0.16841888427734375
-0.1675128936767578
-0.1665353775024414
-0.16567707061767578
-0.16477108001708984
-0.16384124755859375
-0.1629352569580078
-0.16202926635742188
-0.1611471176147461
-0.16028881072998047
-0.15938282012939453
-0.1585245132446289
-0.15764236450195312
-0.15676021575927734
-0.15590190887451172
-0.15501976013183594
-0.15420913696289062
-0.153350830078125
-0.15251636505126953
-0.15168190002441406
-0.15077590942382812
-0.1499652862548828
-0.14917850494384766
-0.1483440399169922
-0.14753341674804688
-0.14672279357910156
-0.1459360122680664
-0.14505386352539062
-0.14426708221435547
-0.14350414276123047
-0.14269351959228516
-0.14197826385498047
-0.14116764068603516
-0.140380859375
-0.13952255249023438
-0.1388072967529297
-0.13802051544189453
-0.1373291015625
-0.136566162109375
-0.13580322265625
-0.135040283203125
-0.13430118560791016
-0.1335620880126953
-0.13277530670166016
-0.13208389282226562
-0.13134479522705078
-0.13065338134765625
-0.1299142837524414
-0.12919902801513672
-0.12848377227783203
-0.1277446746826172
-0.1270771026611328
-0.12636184692382812
-0.1256704330444336
-0.12505054473876953
-0.12428760528564453
-0.12362003326416016
-0.12288093566894531
-0.12221336364746094
-0.12154579162597656
-0.12087821960449219
-0.12028217315673828
-0.1195669174194336
-0.11892318725585938
-0.11832714080810547
-0.11761188507080078
-0.1168966293334961
-0.11627674102783203
-0.11563301086425781
-0.11501312255859375
-0.11439323425292969
-0.11379718780517578
-0.11317729949951172
-0.1125335693359375
-0.11191368103027344
-0.11124610900878906
-0.110626220703125
-0.11005401611328125
-0.10943412780761719
-0.10886192321777344
-0.10824203491210938
-0.10764598846435547
-0.10704994201660156
-0.10650157928466797
-0.1058340072631836
-0.10526180267333984
-0.10471343994140625
-0.10409355163574219
-0.1035451889038086
-0.102996826171875
-0.1024007797241211
-0.10187625885009766
-0.10132789611816406
-0.10073184967041016
-0.10018348693847656
-0.09961128234863281
-0.09903907775878906
-0.09851455688476562
-0.09799003601074219
-0.09739398956298828
-0.096893310546875
-0.09639263153076172
-0.09582042694091797
-0.09534358978271484
-0.0947713851928711
-0.0942230224609375
-0.0936746597290039
-0.09319782257080078
-0.0926971435546875
-0.0921487808227539
-0.09167194366455078
-0.09119510650634766
-0.09064674377441406
-0.0901937484741211
-0.08971691131591797
-0.08921623229980469
-0.08864402770996094
-0.08821487426757812
-0.08766651153564453
-0.0871896743774414
-0.08673667907714844
-0.08625984191894531
-0.08575916290283203
-0.08533000946044922
-0.08482933044433594
-0.08442401885986328
-0.08389949798583984
-0.08344650268554688
-0.0829935073852539
-0.08246898651123047
-0.08203983306884766
-0.08161067962646484
-0.08118152618408203
-0.08068084716796875
-0.08025169372558594
-0.07984638214111328
-0.07939338684082031
-0.07891654968261719
-0.07853507995605469
-0.07808208465576172
-0.07767677307128906
-0.07719993591308594
-0.07677078247070312
-0.07634162902832031
-0.07596015930175781
-0.07548332214355469
-0.07510185241699219
-0.07467269897460938
-0.07431507110595703
-0.07381439208984375
-0.0734567642211914
-0.0730752944946289
-0.07266998291015625
-0.07224082946777344
-0.07185935974121094
-0.0715017318725586
-0.07102489471435547
-0.07061958312988281
-0.07021427154541016
-0.06985664367675781
-0.06949901580810547
-0.06911754608154297
-0.06868839263916016
-0.06833076477050781
-0.06797313690185547
-0.06763935089111328
-0.06725788116455078
-0.06687641143798828
-0.06649494171142578
-0.06613731384277344
-0.0658273696899414
-0.06537437438964844
-0.06496906280517578
-0.06465911865234375
-0.0643014907836914
-0.06394386291503906
-0.06356239318847656
-0.06322860717773438
-0.06289482116699219
-0.06256103515625
-0.062203407287597656
-0.06184577941894531
-0.06153583526611328
-0.06117820739746094
-0.06089210510253906
-0.06051063537597656
-0.060176849365234375
-0.05984306335449219
-0.05950927734375
-0.05917549133300781
-0.058841705322265625
-0.058460235595703125
-0.05817413330078125
-0.05786418914794922
-0.05755424499511719
-0.057244300842285156
-0.05688667297363281
-0.056624412536621094
-0.056290626525878906
-0.05600452423095703
-0.055718421936035156
-0.055408477783203125
-0.05505084991455078
-0.054764747619628906
-0.05447864532470703
-0.054192543029785156
-0.05390644073486328
-0.05352497100830078
-0.05321502685546875
-0.05295276641845703
-0.052666664123535156
-0.05238056182861328
-0.052094459533691406
-0.05176067352294922
-0.0514984130859375
-0.051212310791015625
-0.05097389221191406
-0.05068778991699219
-0.050377845764160156
-0.05011558532714844
-0.049805641174316406
-0.04954338073730469
-0.04932880401611328
-0.049042701721191406
-0.04875659942626953
-0.048470497131347656
-0.04820823669433594
-0.04799365997314453
-0.047707557678222656
-0.04737377166748047
-0.04711151123046875
-0.046825408935546875
-0.046563148498535156
-0.046324729919433594
-0.04608631134033203
-0.04584789276123047
-0.04558563232421875
-0.04534721374511719
-0.04508495330810547
-0.044846534729003906
-0.044608116149902344
-0.04439353942871094
-0.04410743713378906
-0.043892860412597656
-0.04360675811767578
-0.043392181396484375
-0.04315376281738281
-0.04291534423828125
-0.042700767517089844
-0.04246234893798828
-0.042247772216796875
-0.04203319549560547
-0.041747093200683594
-0.04143714904785156
-0.041222572326660156
-0.04100799560546875
-0.0408172607421875
-0.04057884216308594
-0.04038810729980469
-0.04012584686279297
-0.039887428283691406
-0.0396728515625
-0.03948211669921875
-0.03924369812011719
-0.039076805114746094
-0.03883838653564453
-0.03864765167236328
-0.03838539123535156
-0.038170814514160156
-0.03795623779296875
-0.037789344787597656
-0.03757476806640625
-0.03733634948730469
-0.037169456481933594
-0.0370025634765625
-0.036716461181640625
-0.036525726318359375
-0.03631114959716797
-0.036144256591796875
-0.03592967987060547
-0.03578662872314453
-0.035500526428222656
-0.03535747528076172
-0.03509521484375
-0.034880638122558594
-0.034689903259277344
-0.03452301025390625
-0.034356117248535156
-0.03418922424316406
-0.03399848937988281
-0.03380775451660156
-0.03361701965332031
-0.03342628479003906
-0.033211708068847656
-0.03304481506347656
-0.03285408020019531
-0.03268718719482422
-0.03249645233154297
-0.03235340118408203
-0.03216266632080078
-0.032019615173339844
-0.031828880310058594
-0.03159046173095703
-0.03142356872558594
-0.031280517578125
-0.031113624572753906
-0.030946731567382812
-0.03077983856201172
-0.030612945556640625
-0.03044605255126953
-0.030303001403808594
-0.0301361083984375
-0.029897689819335938
-0.029754638671875
-0.029587745666503906
-0.0293731689453125
-0.029230117797851562
-0.029087066650390625
-0.028944015502929688
-0.028777122497558594
-0.028586387634277344
-0.028467178344726562
-0.02830028533935547
-0.02810955047607422
-0.027942657470703125
-0.027799606323242188
-0.027680397033691406
-0.027513504028320312
-0.027370452880859375
-0.027251243591308594
-0.027060508728027344
-0.026941299438476562
-0.026798248291015625
-0.026607513427734375
-0.026464462280273438
-0.026345252990722656
-0.026154518127441406
-0.026035308837890625
-0.025892257690429688
-0.025796890258789062
-0.025606155395507812
-0.02548694610595703
-0.025343894958496094
-0.02524852752685547
-0.02510547637939453
-0.02491474151611328
-0.024747848510742188
-0.024628639221191406
-0.024509429931640625
-0.024366378784179688
-0.024271011352539062
-0.024127960205078125
-0.024008750915527344
-0.023818016052246094
-0.02372264862060547
-0.02357959747314453
-0.023412704467773438
-0.023293495178222656
-0.023102760314941406
-0.02295970916748047
-0.022864341735839844
-0.022745132446289062
-0.022602081298828125
-0.022530555725097656
-0.02243518829345703
-0.022292137145996094
-0.02219676971435547
-0.02205371856689453
-0.021958351135253906
-0.02181529998779297
-0.021696090698242188
-0.02155303955078125
-0.021386146545410156
-0.02129077911376953
-0.021219253540039062
-0.021076202392578125
-0.0209808349609375
-0.020837783813476562
-0.02071857452392578
-0.02067089080810547
-0.02052783966064453
-0.02040863037109375
-0.020313262939453125
-0.020194053649902344
-0.020122528076171875
-0.019979476928710938
-0.01983642578125
-0.019693374633789062
-0.019621849060058594
-0.019478797912597656
-0.01938343048095703
-0.01933574676513672
-0.01919269561767578
-0.019073486328125
-0.01900196075439453
-0.01888275146484375
-0.018787384033203125
-0.0186920166015625
-0.018596649169921875
-0.018477439880371094
-0.018405914306640625
-0.018286705017089844
-0.01819133758544922
-0.018024444580078125
-0.017976760864257812
-0.01785755157470703
-0.017762184143066406
-0.01766681671142578
-0.017571449279785156
-0.01747608184814453
-0.017333030700683594
-0.01723766326904297
-0.017142295837402344
-0.017070770263671875
-0.016951560974121094
-0.016880035400390625
-0.016832351684570312
-0.016689300537109375
-0.016617774963378906
-0.01652240753173828
-0.016379356384277344
-0.016307830810546875
-0.016188621520996094
-0.01614093780517578
-0.016021728515625
-0.015974044799804688
-0.015854835510253906
-0.015783309936523438
-0.01571178436279297
-0.0156402587890625
-0.015521049499511719
-0.015473365783691406
-0.015377998352050781
-0.015306472778320312
-0.015211105346679688
-0.015139579772949219
-0.015044212341308594
-0.014996528625488281
-0.0148773193359375
-0.014805793762207031
-0.01468658447265625
-0.014591217041015625
-0.014495849609375
-0.014424324035644531
-0.014376640319824219
-0.014281272888183594
-0.014233589172363281
-0.0141143798828125
-0.014066696166992188
-0.013995170593261719
-0.013899803161621094
-0.013828277587890625
-0.013756752014160156
-0.013709068298339844
-0.013613700866699219
-0.01354217529296875
-0.013470649719238281
-0.013399124145507812
-0.013327598571777344
-0.013279914855957031
-0.013184547424316406
-0.013113021850585938
-0.012993812561035156
-0.012922286987304688
-0.012850761413574219
-0.01277923583984375
-0.012731552124023438
-0.012660026550292969
-0.012564659118652344
-0.012516975402832031
-0.012445449829101562
-0.01239776611328125
-0.012326240539550781
-0.012254714965820312
-0.012159347534179688
-0.012111663818359375
-0.012063980102539062
-0.011992454528808594
-0.011944770812988281
-0.011849403381347656
-0.0118255615234375
-0.011754035949707031
-0.011682510375976562
-0.01163482666015625
-0.011563301086425781
-0.011491775512695312
-0.011444091796875
-0.011277198791503906
-0.011181831359863281
-0.011157989501953125
-0.0110626220703125
-0.0110626220703125
-0.010967254638671875
-0.010943412780761719
-0.010848045349121094
-0.010800361633300781
-0.010752677917480469
-0.01068115234375
-0.010609626770019531
-0.010561943054199219
-0.010538101196289062
-0.010466575622558594
-0.010395050048828125
-0.010347366333007812
-0.010323524475097656
1.4
1
0.9422659873962402
0.9253859519958496
0.9107589721679688
0.897979736328125
0.8866548538208008
0.8765816688537598
0.8674979209899902
0.8592486381530762
0.8516311645507812
0.844573974609375
0.8379817008972168
0.831758975982666
0.8258223533630371
0.8201479911804199
0.8147001266479492
0.8094191551208496
0.8042812347412109
0.7992744445800781
0.7943868637084961
0.7895827293395996
0.7848739624023438
0.7802367210388184
0.775611400604248
0.7710695266723633
0.7666110992431641
0.762176513671875
0.7577657699584961
0.7534027099609375
0.7490873336791992
0.7447719573974609
0.7405400276184082
0.7362842559814453
0.7321000099182129
0.7279396057128906
0.7237792015075684
0.7196545600891113
0.7155776023864746
0.7115006446838379
0.7074594497680664
0.7034659385681152
0.6994247436523438
0.6954789161682129
0.691533088684082
0.6876230239868164
0.6836771965026855
0.6798267364501953
0.67596435546875
0.6721258163452148
0.6683111190795898
0.6645441055297852
0.6607651710510254
0.6570100784301758
0.6533026695251465
0.6495833396911621
0.6459236145019531
0.6422758102416992
0.6385922431945801
0.6349802017211914
0.6314277648925781
0.6278157234191895
0.6242871284484863
0.620734691619873
0.6172418594360352
0.6137371063232422
0.6102561950683594
0.6068110466003418
0.6033778190612793
0.599980354309082
0.5965590476989746
0.5931854248046875
0.5898237228393555
0.5864858627319336
0.583183765411377
0.5799055099487305
0.5766153335571289
0.5733609199523926
0.5701184272766113
0.5668759346008301
0.5636930465698242
0.5604982376098633
0.5573391914367676
0.554203987121582
0.5510210990905762
0.5479574203491211
0.5448460578918457
0.5417823791503906
0.5386948585510254
0.5356669425964355
0.5326628684997559
0.5296587944030762
0.5266427993774414
0.523686408996582
0.5207180976867676
0.5178093910217285
0.5148768424987793
0.5119800567626953
0.5090951919555664
0.5062222480773926
0.5033612251281738
0.5005121231079102
0.4976987838745117
0.4948735237121582
0.4921078681945801
0.48934221267700195
0.48655271530151367
0.4838228225708008
0.48111677169799805
0.47838687896728516
0.4757046699523926
0.47305822372436523
0.4703640937805176
0.46771764755249023
0.46503543853759766
0.4624366760253906
0.4598379135131836
0.45725107192993164
0.4546642303466797
0.45211315155029297
0.4495859146118164
0.44705867767333984
0.44454336166381836
0.4420280456542969
0.4395604133605957
0.4371047019958496
0.4346013069152832
0.4321575164794922
0.4297018051147461
0.42732954025268555
0.4249095916748047
0.42252540588378906
0.4201531410217285
0.41779279708862305
0.4154205322265625
0.41309595108032227
0.4107832908630371
0.40848255157470703
0.40619373321533203
0.40389299392700195
0.40160417556762695
0.39936304092407227
0.3971219062805176
0.3948807716369629
0.3926515579223633
0.390470027923584
0.38826465606689453
0.3860950469970703
0.3839254379272461
0.3817558288574219
0.37963390350341797
0.3774881362915039
0.3753662109375
0.3732919692993164
0.3711700439453125
0.3690958023071289
0.366973876953125
0.3649473190307617
0.36292076110839844
0.36084651947021484
0.3588438034057617
0.35681724548339844
0.3548145294189453
0.35283565521240234
0.3508567810058594
0.3488779067993164
0.34689903259277344
0.34499168395996094
0.3430366516113281
0.34110546112060547
0.3392219543457031
0.33729076385498047
0.3354310989379883
0.3335237503051758
0.33164024353027344
0.3298044204711914
0.3279447555541992
0.32613277435302734
0.3242969512939453
0.3224611282348633
0.3206491470336914
0.31883716583251953
0.31707286834716797
0.3153085708618164
0.31349658966064453
0.3117799758911133
0.3100156784057617
0.3083229064941406
0.3066062927246094
0.30486583709716797
0.3031492233276367
0.3014087677001953
0.29976367950439453
0.2980470657348633
0.2964019775390625
0.2947568893432617
0.2930641174316406
0.29141902923583984
0.2898216247558594
0.28820037841796875
0.2865791320800781
0.28498172760009766
0.2833843231201172
0.2817869186401367
0.2802133560180664
0.27866363525390625
0.2771139144897461
0.27556419372558594
0.2739906311035156
0.2724885940551758
0.2709388732910156
0.26946067810058594
0.2679109573364258
0.26640892028808594
0.2649545669555664
0.2634286880493164
0.2619743347167969
0.2604961395263672
0.25904178619384766
0.2576112747192383
0.25615692138671875
0.2547264099121094
0.2532958984375
0.2518892288208008
0.2505064010620117
0.24907588958740234
0.24766921997070312
0.24631023406982422
0.2449512481689453
0.2435445785522461
0.24216175079345703
0.24082660675048828
0.23949146270751953
0.23813247680664062
0.23682117462158203
0.23548603057861328
0.2341747283935547
0.23288726806640625
0.23157596588134766
0.23028850555419922
0.22897720336914062
0.2277374267578125
0.2264261245727539
0.22518634796142578
0.2239227294921875
0.22265911102294922
0.22144317626953125
0.22020339965820312
0.218963623046875
0.21774768829345703
0.21653175354003906
0.21529197692871094
0.21412372589111328
0.2129077911376953
0.2117156982421875
0.21054744720458984
0.20935535430908203
0.20816326141357422
0.20704269409179688
0.20589828491210938
0.20473003387451172
0.20360946655273438
0.20244121551513672
0.20129680633544922
0.2002239227294922
0.1990795135498047
0.19795894622802734
0.19686222076416016
0.19578933715820312
0.19464492797851562
0.19359588623046875
0.19249916076660156
0.19142627716064453
0.1903533935546875
0.18930435180664062
0.1882314682006836
0.18718242645263672
0.1861572265625
0.18510818481445312
0.18405914306640625
0.1830577850341797
0.18203258514404297
0.18100738525390625
0.17998218536376953
0.17898082733154297
0.17802715301513672
0.177001953125
0.1760244369506836
0.17502307891845703
0.17409324645996094
0.17306804656982422
0.17213821411132812
0.17116069793701172
0.17025470733642578
0.16925334930419922
0.16832351684570312
0.16736984252929688
0.16644001007080078
0.16553401947021484
0.1645803451538086
0.16367435455322266
0.16274452209472656
0.16186237335205078
0.16095638275146484
0.16007423400878906
0.15914440155029297
0.15828609466552734
0.15740394592285156
0.15652179718017578
0.1556396484375
0.15475749969482422
0.15392303466796875
0.15306472778320312
0.1521587371826172
0.15134811401367188
0.1505136489868164
0.14967918395996094
0.14884471893310547
0.14801025390625
0.1471996307373047
0.14636516571044922
0.1455545425415039
0.1447439193725586
0.14390945434570312
0.14312267303466797
0.1423358917236328
0.1415252685546875
0.14073848724365234
0.13997554779052734
0.1391887664794922
0.13840198516845703
0.13761520385742188
0.13687610626220703
0.1361370086669922
0.13532638549804688
0.1346111297607422
0.13382434844970703
0.13310909271240234
0.13239383697509766
0.1316070556640625
0.1308917999267578
0.13015270233154297
0.12946128845214844
0.1287221908569336
0.12798309326171875
0.12729167938232422
0.12657642364501953
0.125885009765625
0.1251697540283203
0.12447834014892578
0.12378692626953125
0.12309551239013672
0.12240409851074219
0.12173652648925781
0.12104511260986328
0.12040138244628906
0.11970996856689453
0.11906623840332031
0.11837482452392578
0.1177072525024414
0.11703968048095703
0.11641979217529297
0.11577606201171875
0.11510848999023438
0.11446475982666016
0.1138448715209961
0.11320114135742188
0.11258125305175781
0.11196136474609375
0.11129379272460938
0.11069774627685547
0.1100778579711914
0.1094818115234375
0.1088857650756836
0.10826587677001953
0.10764598846435547
0.10707378387451172
0.10645389556884766
0.1058816909790039
0.10528564453125
0.10466575622558594
0.10411739349365234
0.10352134704589844
0.10297298431396484
0.1024007797241211
0.10180473327636719
0.1012563705444336
0.10128021240234375
0.1003265380859375
0.09982585906982422
0.09925365447998047
0.0986337661743164
0.09806156158447266
0.09746551513671875
0.09691715240478516
0.09636878967285156
0.09579658508300781
0.09527206420898438
0.09472370147705078
0.09415149688720703
0.09365081787109375
0.09310245513916016
0.09260177612304688
0.09207725524902344
0.09152889251708984
0.09102821350097656
0.09052753448486328
0.09002685546875
0.08952617645263672
0.08902549743652344
0.08852481842041016
0.08802413940429688
0.0875234603881836
0.08707046508789062
0.08654594421386719
0.08611679077148438
0.0856161117553711
0.08511543273925781
0.08466243743896484
0.08416175842285156
0.08373260498046875
0.08327960968017578
0.08280277252197266
0.08232593536376953
0.08189678192138672
0.08139610290527344
0.08096694946289062
0.08053779602050781
0.08008480072021484
0.07963180541992188
0.07920265197753906
0.0787496566772461
0.07829666137695312
0.07786750793457031
0.07741451263427734
0.07700920104980469
0.07658004760742188
0.07615089416503906
0.0757455825805664
0.0753164291381836
0.07488727569580078
0.07445812225341797
0.07407665252685547
0.07364749908447266
0.07326602935791016
0.07283687591552734
0.07245540618896484
0.07202625274658203
0.07162094116210938
0.07121562957763672
0.07083415985107422
0.07042884826660156
0.07007122039794922
0.06968975067138672
0.06928443908691406
0.0688791275024414
0.06847381591796875
0.06814002990722656
0.0677347183227539
0.0673532485961914
0.06704330444335938
0.06663799285888672
0.06623268127441406
0.06589889526367188
0.06554126739501953
0.0652313232421875
0.06477832794189453
0.0644683837890625
0.0640869140625
0.06368160247802734
0.06334781646728516
0.06299018859863281
0.06265640258789062
0.06232261657714844
0.061964988708496094
0.06165504455566406
0.06127357482910156
0.060939788818359375
0.0606536865234375
0.060296058654785156
0.05993843078613281
0.059604644775390625
0.059294700622558594
0.05898475646972656
0.058650970458984375
0.05831718444824219
0.0579833984375
0.05767345428466797
0.057315826416015625
0.057005882263183594
0.05671977996826172
0.05631446838378906
0.0560760498046875
0.05574226379394531
0.05545616149902344
0.05517005920410156
0.05486011505126953
0.05450248718261719
0.05421638488769531
0.053954124450683594
0.05364418029785156
0.053381919860839844
0.053048133850097656
0.052738189697265625
0.05245208740234375
0.05218982696533203
0.051903724670410156
0.05164146423339844
0.05125999450683594
0.05097389221191406
0.05068778991699219
0.05040168762207031
0.050187110900878906
0.04990100860595703
0.04954338073730469
0.04932880401611328
0.04906654357910156
0.04875659942626953
0.048542022705078125
0.048279762268066406
0.047969818115234375
0.04773139953613281
0.04742145538330078
0.04718303680419922
0.0469207763671875
0.046706199645996094
0.04642009735107422
0.046133995056152344
0.04589557647705078
0.04565715789794922
0.045418739318847656
0.04515647888183594
0.044918060302734375
0.04458427429199219
0.044345855712890625
0.04413127899169922
0.043892860412597656
0.04363059997558594
0.043392181396484375
0.04315376281738281
0.042939186096191406
0.04267692565917969
0.04241466522216797
0.04222393035888672
0.04200935363769531
0.041747093200683594
0.041556358337402344
0.041294097900390625
0.041031837463378906
0.040841102600097656
0.04057884216308594
0.040411949157714844
0.04017353057861328
0.039958953857421875
0.039768218994140625
0.039505958557128906
0.039267539978027344
0.03905296325683594
0.038886070251464844
0.03864765167236328
0.03840923309326172
0.038170814514160156
0.03800392150878906
0.03771781921386719
0.03752708435058594
0.03733634948730469
0.03714561462402344
0.036907196044921875
0.03676414489746094
0.03654956817626953
0.036334991455078125
0.036144256591796875
0.03592967987060547
0.035691261291503906
0.03552436828613281
0.03533363342285156
0.03516674041748047
0.03497600555419922
0.03478527069091797
0.03459453582763672
0.03437995910644531
0.034165382385253906
0.03399848937988281
0.03380775451660156
0.03364086151123047
0.03345012664794922
0.03325939178466797
0.03311634063720703
0.03292560577392578
0.03268718719482422
0.03249645233154297
0.03235340118408203
0.032138824462890625
0.031948089599609375
0.031757354736328125
0.03159046173095703
0.031447410583496094
0.031280517578125
0.031065940856933594
0.030875205993652344
0.030732154846191406
0.030541419982910156
0.03039836883544922
0.03025531768798828
0.030040740966796875
0.029921531677246094
0.029754638671875
0.029587745666503906
0.029468536376953125
0.029206275939941406
0.02906322479248047
0.02892017364501953
0.028777122497558594
0.028586387634277344
0.028467178344726562
0.02830028533935547
0.02815723419189453
0.027990341186523438
0.027871131896972656
0.027680397033691406
0.027489662170410156
0.027370452880859375
0.027179718017578125
0.0270843505859375
0.026941299438476562
0.02677440643310547
0.02663135528564453
0.02651214599609375
0.026345252990722656
0.026226043701171875
0.026082992553710938
0.025844573974609375
0.02567768096923828
0.025534629821777344
0.025415420532226562
0.02529621124267578
0.025153160095214844
0.02498626708984375
0.024890899658203125
0.024747848510742188
0.024628639221191406
0.02448558807373047
0.024390220642089844
0.02415180206298828
0.024008750915527344
0.023889541625976562
0.02377033233642578
0.023651123046875
0.02353191375732422
0.023412704467773438
0.023293495178222656
0.02315044403076172
0.023055076599121094
0.022912025451660156
0.022792816162109375
0.022673606872558594
0.022482872009277344
0.02238750457763672
0.02224445343017578
0.022125244140625
0.022029876708984375
0.02193450927734375
0.02181529998779297
0.021719932556152344
0.02155303955078125
0.021457672119140625
0.021338462829589844
0.021219253540039062
0.021076202392578125
0.020956993103027344
0.02086162567138672
0.02071857452392578
0.020599365234375
0.02048015594482422
0.020384788513183594
0.02028942108154297
0.020170211791992188
0.020051002502441406
0.01995563507080078
0.019860267639160156
0.01976490020751953
0.019621849060058594
0.0194549560546875
0.01938343048095703
0.01926422119140625
0.019168853759765625
0.01900196075439453
0.01888275146484375
0.018835067749023438
0.018715858459472656
0.01862049102783203
0.01850128173828125
0.018405914306640625
0.018358230590820312
0.018215179443359375
0.01811981201171875
0.01804828643798828
0.0179290771484375
0.01785755157470703
0.01773834228515625
0.01766681671142578
0.017547607421875
0.01742839813232422
0.01728534698486328
0.017261505126953125
0.017118453979492188
0.01704692840576172
0.016951560974121094
0.01685619354248047
0.016760826110839844
0.016689300537109375
0.016617774963378906
0.016498565673828125
0.016427040100097656
0.01633167266845703
0.016260147094726562
0.01614093780517578
0.01609325408935547
0.015974044799804688
0.01590251922607422
0.015807151794433594
0.015664100646972656
0.015592575073242188
0.015497207641601562
0.01544952392578125
0.015354156494140625
0.015282630920410156
0.015163421630859375
0.015115737915039062
0.014996528625488281
0.014972686767578125
0.014853477478027344
0.014805793762207031
0.014710426330566406
0.014615058898925781
0.014543533325195312
0.014472007751464844
0.014400482177734375
0.014328956604003906
0.014233589172363281
0.014162063598632812
0.014042854309082031
0.013947486877441406
0.013875961303710938
0.013828277587890625
0.01373291015625
0.013685226440429688
0.013566017150878906
0.013518333435058594
0.013470649719238281
0.013375282287597656
0.013232231140136719
0.013184547424316406
0.013113021850585938
0.013041496276855469
0.012969970703125
0.012898445129394531
0.012850761413574219
0.012803077697753906
0.012683868408203125
0.012636184692382812
0.012564659118652344
0.012516975402832031
0.012445449829101562
0.012302398681640625
0.012254714965820312
0.012159347534179688
0.012111663818359375
0.012063980102539062
0.011992454528808594
0.011944770812988281
0.011849403381347656
0.0118255615234375
0.011754035949707031
0.011682510375976562
0.01163482666015625
0.011563301086425781
0.011491775512695312
0.011444091796875
0.011396408081054688
0.011324882507324219
0.01125335693359375
0.011205673217773438
0.011134147644042969
0.0110626220703125
0.011038780212402344
0.010943412780761719
0.010895729064941406
0.010824203491210938
0.010776519775390625
0.01068115234375
0.010633468627929688
0.010561943054199219
0.01049041748046875
0.010442733764648438
0.010371208190917969
0.0102996826171875
0.0102996826171875
0.010228157043457031
0.010156631469726562
0.01010894775390625
0.010061264038085938
0.010013580322265625
0.009942054748535156
0.009894371032714844
0.009846687316894531
0.009799003601074219
0.00972747802734375
0.009703636169433594
0.009655952453613281
0.009584426879882812
0.009512901306152344
0.009489059448242188
0.009441375732421875
0.009393692016601562
0.00934600830078125
0.009274482727050781
0.009202957153320312
0.009202957153320312
0.0091552734375
0.009083747863769531
0.009012222290039062
0.008940696716308594
0.008869171142578125
0.008845329284667969
0.008797645568847656
0.008749961853027344
0.008702278137207031
0.008678436279296875
0.008606910705566406
0.008559226989746094
0.008535385131835938
0.008463859558105469
0.008440017700195312
0.008392333984375
0.008320808410644531
0.008296966552734375
0.008249282836914062
0.00820159912109375
0.008177757263183594
0.008130073547363281
0.008082389831542969
0.008034706115722656
0.007987022399902344
0.007939338684082031
0.007891654968261719
0.007867813110351562
0.00782012939453125
0.007796287536621094
0.007748603820800781
0.0076770782470703125
0.0076770782470703125
0.00762939453125
0.007557868957519531
0.007534027099609375
0.007510185241699219
0.00743865966796875
0.007414817810058594
0.0073909759521484375
0.007271766662597656
0.007224082946777344
0.0072002410888671875
0.007176399230957031
0.0071048736572265625
0.007033348083496094
0.006985664367675781
0.006961822509765625
0.0069141387939453125
0.006890296936035156
0.006842613220214844
0.006842613220214844
0.006771087646484375
0.006747245788574219
0.0067234039306640625
0.00667572021484375
0.006651878356933594
0.006580352783203125
0.006604194641113281
0.0065326690673828125
0.0064849853515625
0.0064849853515625
0.0064373016357421875
0.006413459777832031
0.0063419342041015625
0.0063419342041015625
0.00629425048828125
0.006270408630371094
0.0062465667724609375
0.006175041198730469
0.006175041198730469
0.006127357482910156
0.006103515625
0.006079673767089844
0.006031990051269531
0.005984306335449219
0.005984306335449219
0.005936622619628906
0.00591278076171875
0.0058650970458984375
0.005841255187988281
0.005817413330078125
0.005793571472167969
0.0057220458984375
0.005745887756347656
0.0056743621826171875
0.0056743621826171875
0.005626678466796875
0.005555152893066406
0.0054836273193359375
0.0054836273193359375
0.0054836273193359375
0.005412101745605469
0.005412101745605469
0.005364418029785156
0.005340576171875
0.005316734313964844
0.005316734313964844
0.005245208740234375
0.005245208740234375
0.0051975250244140625
0.005173683166503906
0.005125999450683594
0.005125999450683594
0.0051021575927734375
0.005078315734863281
0.005030632019042969
0.0050067901611328125
0.0050067901611328125
0.004935264587402344
0.004935264587402344
0.0049114227294921875
0.004887580871582031
0.004863739013671875
0.0048160552978515625
0.0048160552978515625
0.00476837158203125
0.00476837158203125
0.0047206878662109375
0.004696846008300781
0.004673004150390625
0.0046253204345703125
0.004649162292480469
0.004601478576660156
0.00457763671875
0.004553794860839844
0.004506111145019531
0.0045299530029296875
0.004458427429199219
0.004458427429199219
0.004410743713378906
0.004410743713378906
0.00438690185546875
0.004363059997558594
0.0043392181396484375
0.004315376281738281
0.004291534423828125
0.004267692565917969
0.0042438507080078125
0.0041961669921875
0.004220008850097656
0.004172325134277344
0.004172325134277344
0.0041484832763671875
0.004100799560546875
0.004100799560546875
0.004076957702636719
0.004029273986816406
0.004029273986816406
0.004029273986816406
0.003981590270996094
0.0039577484130859375
0.003981590270996094
0.0038385391235351562
0.0038385391235351562
0.0038385391235351562
0.0037908554077148438
0.0037908554077148438
0.0037908554077148438
0.003719329833984375
0.003719329833984375
0.003719329833984375
0.0036716461181640625
0.0036478042602539062
0.0036716461181640625
0.00362396240234375
0.0036001205444335938
0.0036001205444335938
0.0035762786865234375
0.003528594970703125
0.0035524368286132812
0.003528594970703125
0.0034809112548828125
0.0034809112548828125
0.0034809112548828125
0.0034332275390625
0.0034093856811523438
0.0034093856811523438
0.0033855438232421875
0.0033617019653320312
0.0033617019653320312
0.0033617019653320312
0.0032901763916015625
0.0032901763916015625
0.0032901763916015625
0.00324249267578125
0.00324249267578125
0.0032186508178710938
0.00324249267578125
0.0031709671020507812
0.0031709671020507812
0.0031948089599609375
0.0031232833862304688
0.0031232833862304688
0.0030994415283203125
0.0031232833862304688
0.0030517578125
0.0030517578125
0.0030517578125
0.0030517578125
0.0029802322387695312
0.0030040740966796875
0.0029802322387695312
0.0029802322387695312
0.0029087066650390625
0.0029325485229492188
0.0029325485229492188
0.0029087066650390625
0.00286102294921875
0.00286102294921875
0.0028848648071289062
0.0028371810913085938
0.0028133392333984375
0.0027894973754882812
0.0028133392333984375
0.0027894973754882812
0.0027418136596679688
0.0027418136596679688
0.0027418136596679688
0.0027179718017578125
0.0026941299438476562
0.0026702880859375
0.0026941299438476562
0.0026464462280273438
0.0026226043701171875
0.0026226043701171875
0.0026464462280273438
0.0026226043701171875
0.0025510787963867188
0.002574920654296875
0.0025510787963867188
0.002574920654296875
0.0025272369384765625
0.0025033950805664062
0.0025033950805664062
0.0025033950805664062
0.0025033950805664062
0.0024318695068359375
0.0024557113647460938
0.0024318695068359375
0.0024318695068359375
0.0024557113647460938
0.002384185791015625
0.0023603439331054688
0.002384185791015625
0.002384185791015625
0.0023603439331054688
0.0023126602172851562
0.0023126602172851562
0.0023365020751953125
0.0023126602172851562
0.0023126602172851562
0.0022649765014648438
0.0022649765014648438
0.0022411346435546875
0.002193450927734375
0.0021696090698242188
0.0021696090698242188
0.0021457672119140625
0.0021219253540039062
0.0021457672119140625
0.0021457672119140625
0.0021219253540039062
0.0020742416381835938
0.0020742416381835938
0.0020742416381835938
0.0020742416381835938
0.0020742416381835938
0.0020503997802734375
0.0020265579223632812
0.002002716064453125
0.0020265579223632812
0.002002716064453125
0.0020265579223632812
0.0019788742065429688
0.0019550323486328125
0.0019550323486328125
0.0019550323486328125
0.0019311904907226562
0.0019550323486328125
0.0019073486328125
0.0018835067749023438
0.0018835067749023438
0.0019073486328125
0.0018835067749023438
0.0019073486328125
0.0018596649169921875
0.001811981201171875
0.0018358230590820312
0.0018358230590820312
0.0018358230590820312
0.0018358230590820312
0.0017881393432617188
0.0017642974853515625
0.0017881393432617188
0.0017642974853515625
0.0017642974853515625
0.0017642974853515625
0.0017404556274414062
0.00171661376953125
0.00171661376953125
0.0016927719116210938
0.00171661376953125
0.00171661376953125
0.0016927719116210938
0.0016927719116210938
0.0016450881958007812
0.0016450881958007812
0.0016450881958007812
0.0016450881958007812
0.0016450881958007812
0.0016450881958007812
0.001621246337890625
0.0015974044799804688
0.0015735626220703125
0.0015974044799804688
0.0015974044799804688
0.0015735626220703125
0.0015974044799804688
0.0015497207641601562
0.00152587890625
0.00152587890625
0.00152587890625
0.00152587890625
0.00152587890625
0.00152587890625
0.00152587890625
0.0014543533325195312
0.0014781951904296875
0.0014543533325195312
0.0014781951904296875
0.0014543533325195312
0.0014781951904296875
0.0014543533325195312
0.001430511474609375
0.0014066696166992188
0.0014066696166992188
0.0014066696166992188
0.0014066696166992188
0.0014066696166992188
0.0013828277587890625
0.0014066696166992188
0.0014066696166992188
