26.879390716552734
26.75065040588379
26.616228103637695
26.476564407348633
26.332075119018555
26.183128356933594
26.030073165893555
25.87322425842285
25.71287727355957
25.549301147460938
25.382753372192383
25.21346664428711
25.04165267944336
24.86751937866211
24.691251754760742
24.51302719116211
24.3330078125
24.151350021362305
23.96819305419922
23.783674240112305
23.59791374206543
23.41103744506836
23.223155975341797
23.034364700317383
22.84476661682129
22.654462814331055
22.463529586791992
22.272052764892578
22.08010482788086
21.88776397705078
21.695096969604492
21.502172470092773
21.30904769897461
21.115785598754883
20.922441482543945
20.72906494140625
20.53570556640625
20.342409133911133
20.14922332763672
19.956188201904297
19.763347625732422
19.570735931396484
19.378389358520508
19.18634605407715
18.994638442993164
18.803295135498047
18.612346649169922
18.421823501586914
18.231748580932617
18.04215431213379
17.853057861328125
17.66448974609375
17.476465225219727
17.28900909423828
17.102144241333008
16.91588592529297
16.730253219604492
16.54526710510254
16.36094093322754
16.177291870117188
15.99433708190918
15.812088012695312
15.630560874938965
15.449769973754883
15.26972770690918
15.090446472167969
14.911937713623047
14.734211921691895
14.557282447814941
14.381157875061035
14.20584774017334
14.031363487243652
13.857709884643555
13.68490219116211
13.512944221496582
13.341845512390137
13.171613693237305
13.0022554397583
12.833775520324707
12.666183471679688
12.499485969543457
12.333688735961914
12.16879653930664
12.004815101623535
11.841751098632812
11.679608345031738
11.518390655517578
11.35810375213623
11.198750495910645
11.040337562561035
10.882865905761719
10.726341247558594
10.57076644897461
10.416143417358398
10.26247787475586
10.109770774841309
9.958024978637695
9.807243347167969
9.657426834106445
9.508580207824707
9.360702514648438
9.213796615600586
9.067862510681152
8.922904014587402
8.778921127319336
8.635915756225586
8.493886947631836
8.352835655212402
8.212764739990234
8.0736722946167
7.935558795928955
7.798425674438477
7.662271022796631
7.527095794677734
7.3928985595703125
7.259679794311523
7.127439975738525
6.996176719665527
6.865889072418213
6.736575603485107
6.608236312866211
6.480869770050049
6.354473114013672
6.229045867919922
6.104585647583008
5.981091022491455
5.858560562133789
5.7369914054870605
5.616381645202637
5.49672794342041
5.378028392791748
5.260281085968018
5.1434831619262695
5.0276312828063965
4.912972927093506
4.799006462097168
4.685975074768066
4.5738677978515625
4.462680339813232
4.352410793304443
4.243055820465088
4.134612560272217
4.027076721191406
3.9204466342926025
3.8147189617156982
3.709890604019165
3.6059582233428955
3.502918243408203
3.4007678031921387
3.2995030879974365
3.199120044708252
3.0996153354644775
3.000983715057373
2.9032223224639893
2.8063266277313232
2.710292339324951
2.6151154041290283
2.5207910537719727
2.427314281463623
2.334681272506714
2.242886543273926
2.151926040649414
2.0617942810058594
1.9724868535995483
1.8839982748031616
1.796323537826538
1.7094578742980957
1.6233958005905151
1.538132905960083
1.4536633491516113
1.3699827194213867
1.2870855331420898
1.2049671411514282
1.1236231327056885
1.0430481433868408
0.9632274508476257
a
-6.128501892089844
-6.437015533447266
-6.7211151123046875
-6.983184814453125
-7.224464416503906
-7.447338104248047
-7.652759552001953
-7.842445373535156
-8.017349243164062
-8.17880630493164
-8.327388763427734
-8.464336395263672
-8.5906982421875
-8.7066650390625
-8.81338119506836
-8.91122817993164
-9.000968933105469
-9.082889556884766
-9.157848358154297
-9.225940704345703
-9.28802490234375
-9.343814849853516
-9.394073486328125
-9.439563751220703
-9.479904174804688
-9.515190124511719
-9.546661376953125
-9.573841094970703
-9.597396850585938
-9.617042541503906
-9.633350372314453
-9.646224975585938
-9.656238555908203
-9.663105010986328
-9.667205810546875
-9.668827056884766
-9.66796875
-9.66482162475586
-9.659290313720703
-9.651756286621094
-9.64202880859375
-9.630584716796875
-9.617328643798828
-9.602165222167969
-9.585380554199219
-9.56716537475586
-9.54742431640625
-9.52615737915039
-9.503746032714844
-9.479713439941406
-9.454822540283203
-9.42840576171875
-9.401226043701172
-9.372806549072266
-9.343242645263672
-9.312915802001953
-9.281635284423828
-9.249305725097656
-9.21630859375
-9.182453155517578
-9.14773941040039
-9.11245346069336
-9.076356887817383
-9.039545059204102
-9.002113342285156
-8.964061737060547
-8.925437927246094
-8.886289596557617
-8.846473693847656
-8.806228637695312
-8.765506744384766
-8.724212646484375
-8.682680130004883
-8.640384674072266
-8.597898483276367
-8.554935455322266
-8.511590957641602
-8.467912673950195
-8.423995971679688
-8.379602432250977
-8.334875106811523
-8.289861679077148
-8.244609832763672
-8.199071884155273
-8.153200149536133
-8.107137680053711
-8.060884475708008
-8.014345169067383
-7.967662811279297
-7.920646667480469
-7.87358283996582
-7.82623291015625
-7.778739929199219
-7.731151580810547
-7.683277130126953
-7.635354995727539
-7.587289810180664
-7.539081573486328
-7.490825653076172
-7.442331314086914
-7.393884658813477
-7.345294952392578
-7.29670524597168
-7.2479248046875
-7.19914436340332
-7.1502685546875
-7.1014404296875
-7.05256462097168
-7.003545761108398
-6.954622268676758
-6.905674934387207
-6.856656074523926
-6.807732582092285
-6.758761405944824
-6.709861755371094
-6.660938262939453
-6.611990928649902
-6.563162803649902
-6.514382362365723
-6.465673446655273
-6.416964530944824
-6.3683271408081055
-6.319832801818848
-6.2713623046875
-6.223011016845703
-6.174731254577637
-6.126523017883301
-6.078457832336426
-6.030488014221191
-5.982685089111328
-5.9349775314331055
-5.887365341186523
-5.839896202087402
-5.792593955993652
-5.7331085205078125
-5.698227882385254
-5.651521682739258
-5.605340003967285
-5.559349060058594
-5.513477325439453
-5.467748641967773
-5.422163009643555
-5.376791954040527
-5.3315043449401855
-5.286383628845215
-5.24141788482666
-5.196619033813477
-5.151998996734619
-5.107522010803223
-5.063235759735107
-5.0191521644592285
-4.975235462188721
-4.931581020355225
-4.8880696296691895
-4.844784736633301
-4.8017144203186035
-4.758846759796143
-4.716217517852783
-4.6738386154174805
-4.631650447845459
-4.589736461639404
-4.548025131225586
-4.506587982177734
-4.465371131896973
-4.424428939819336
-4.383736610412598
-4.343283176422119
-4.303103446960449
-4.263144493103027
-4.223477840423584
-4.1840314865112305
-4.144859313964844
-4.10591983795166
-4.067200660705566
-4.028749465942383
-3.991034507751465
