26.908676147460938
26.79128646850586
26.66904640197754
26.54235076904297
26.41154670715332
26.276962280273438
26.138893127441406
25.997623443603516
25.85340690612793
25.706485748291016
25.557077407836914
25.40538787841797
25.251605987548828
25.09591293334961
24.93846893310547
24.779438018798828
24.61895751953125
24.457164764404297
24.294185638427734
24.130138397216797
23.965131759643555
23.799280166625977
23.632667541503906
23.46539306640625
23.29754066467285
23.129194259643555
22.960426330566406
22.79131317138672
22.621917724609375
22.452306747436523
22.28253936767578
22.112672805786133
21.942760467529297
21.77285385131836
21.60300064086914
21.433238983154297
21.263620376586914
21.094181060791016
20.92496109008789
20.755992889404297
20.587316513061523
20.418956756591797
20.250946044921875
20.083316802978516
19.916091918945312
19.74930191040039
19.58296775817871
19.4171085357666
19.251752853393555
19.0869197845459
18.92262840270996
18.758893966674805
18.595739364624023
18.43317985534668
18.27122688293457
18.109901428222656
17.9492130279541
17.789175033569336
17.629802703857422
17.471105575561523
17.31309700012207
17.155784606933594
16.999181747436523
16.84329605102539
16.68813705444336
16.53371238708496
16.380033493041992
16.227100372314453
16.074928283691406
15.923519134521484
15.772880554199219
15.623018264770508
15.473938941955566
15.325645446777344
15.178142547607422
15.031437873840332
14.885533332824707
14.740432739257812
14.596141815185547
14.45266342163086
14.309999465942383
14.168152809143066
14.027127265930176
13.886923789978027
13.747546195983887
13.608996391296387
13.471275329589844
13.334385871887207
13.19832992553711
13.06310749053955
12.928720474243164
12.795167922973633
12.662453651428223
12.5305757522583
12.399537086486816
12.269335746765137
12.139972686767578
12.011449813842773
11.883764266967773
11.756918907165527
11.63090991973877
11.505739212036133
11.3814058303833
11.257909774780273
11.13525104522705
11.013428688049316
10.892438888549805
10.772281646728516
10.652957916259766
10.534464836120605
10.416801452636719
10.299965858459473
10.183956146240234
10.068772315979004
9.954412460327148
9.840872764587402
9.728154182434082
9.616253852844238
9.505167961120605
9.394895553588867
9.285436630249023
9.176786422729492
9.068944931030273
8.961907386779785
8.855671882629395
8.750235557556152
8.645598411560059
8.541754722595215
8.438704490661621
8.336441040039062
8.234965324401855
8.134272575378418
8.034361839294434
7.935227394104004
7.836869239807129
7.739282608032227
7.642465114593506
7.546411037445068
7.451119899749756
7.356587886810303
7.262811660766602
7.169787883758545
7.077512741088867
6.985983848571777
6.895195960998535
6.805147171020508
6.715832233428955
6.627249717712402
6.539394378662109
6.452263832092285
6.365853309631348
6.280159950256348
6.1951799392700195
6.110908508300781
6.027341842651367
5.9444780349731445
5.862311840057373
5.780839920043945
5.700057029724121
5.619961261749268
5.5405473709106445
5.461811542510986
5.3837504386901855
5.30635929107666
5.229635715484619
5.153573036193848
5.078169345855713
5.003419876098633
4.929427146911621
4.855964183807373
4.783138751983643
4.710944652557373
4.639378070831299
4.5684356689453125
4.498114585876465
4.428409576416016
4.359317779541016
4.290836811065674
4.222960948944092
4.155688285827637
4.089015007019043
4.022936820983887
3.9574499130249023
3.8925511837005615
3.8282363414764404
3.7645013332366943
3.7013423442840576
3.638756036758423
3.576738119125366
3.5152840614318848
3.45439076423645
3.3940541744232178
3.3342695236206055
3.275034189224243
3.2163429260253906
3.1581921577453613
3.1005773544311523
3.0434954166412354
2.9869418144226074
2.930912733078003
2.8754045963287354
2.8204128742218018
2.7659335136413574
2.711963415145874
2.6584973335266113
2.605532169342041
2.5530641078948975
2.501088857650757
2.4496026039123535
2.398601770401001
2.3480820655822754
2.2980399131774902
2.24847149848938
2.1993730068206787
2.1507408618927
2.1025705337524414
2.054858922958374
2.0076019763946533
1.9607958793640137
1.9144370555877686
1.868521809577942
1.823046326637268
1.7780072689056396
1.7334007024765015
1.6892231702804565
1.6454708576202393
1.6021406650543213
1.5592283010482788
1.5167306661605835
1.4746441841125488
1.4329655170440674
1.391690969467163
1.3508164882659912
1.3103394508361816
1.2702562808990479
1.2305636405944824
1.1912574768066406
1.1523306369781494
1.1137419939041138
1.0748060941696167
1.0326074361801147
0.9902804493904114
a
-5.606174468994141
-5.869483947753906
-6.112003326416016
-6.334781646728516
-6.540203094482422
-6.729221343994141
-6.9034576416015625
-7.063484191894531
-7.210826873779297
-7.346057891845703
-7.470417022705078
-7.584476470947266
-7.689094543457031
-7.7846527099609375
-7.872200012207031
-7.951545715332031
-8.024024963378906
-8.089637756347656
-8.148956298828125
-8.202362060546875
-8.25033187866211
-8.292579650878906
-8.330631256103516
-8.363723754882812
-8.392620086669922
-8.417320251464844
-8.438396453857422
-8.455657958984375
-8.469772338867188
-8.480548858642578
-8.48836898803711
-8.493328094482422
-8.495616912841797
-8.495330810546875
-8.492660522460938
-8.488082885742188
-8.48093032836914
-8.471965789794922
-8.46099853515625
-8.448410034179688
-8.433818817138672
-8.417987823486328
-8.400535583496094
-8.381462097167969
-8.361244201660156
-8.339500427246094
-8.316707611083984
-8.292961120605469
-8.267784118652344
-8.241653442382812
-8.214569091796875
-8.186721801757812
-8.157730102539062
-8.127975463867188
-8.097648620605469
-8.066272735595703
-8.034420013427734
-8.001899719238281
-7.968616485595703
-7.934856414794922
-7.900428771972656
-7.865619659423828
-7.830142974853516
-7.794284820556641
-7.7579498291015625
-7.721233367919922
-7.6839447021484375
-7.646656036376953
-7.608604431152344
-7.570457458496094
-7.531929016113281
-7.493114471435547
-7.45396614074707
-7.414674758911133
-7.375144958496094
-7.335233688354492
-7.29522705078125
-7.255029678344727
-7.214546203613281
-7.173919677734375
-7.133197784423828
-7.09233283996582
-7.051277160644531
-7.010173797607422
-6.968879699707031
-6.927490234375
-6.886053085327148
-6.844472885131836
-6.802797317504883
-6.76112174987793
-6.719350814819336
-6.6776275634765625
-6.635713577270508
-6.593894958496094
-6.551933288574219
-6.510066986083984
-6.46815299987793
-6.426143646240234
-6.38427734375
-6.342267990112305
-6.300449371337891
-6.258535385131836
-6.216669082641602
-6.174802780151367
-6.132936477661133
-6.091117858886719
-6.049489974975586
-6.007862091064453
-5.9661865234375
-5.924654006958008
-5.883169174194336
-5.841779708862305
-5.800485610961914
-5.759191513061523
-5.717992782592773
-5.676984786987305
-5.635929107666016
-5.5950164794921875
-5.554294586181641
-5.513620376586914
-5.4729461669921875
-5.4325103759765625
-5.3920745849609375
-5.351877212524414
-5.311775207519531
-5.271816253662109
-5.2318572998046875
-5.1921844482421875
-5.1525115966796875
-5.11317253112793
-5.073785781860352
-5.034637451171875
-4.995536804199219
-4.956722259521484
-4.91790771484375
-4.879331588745117
-4.840874671936035
-4.802703857421875
-4.764556884765625
-4.726600646972656
-4.688811302185059
-4.651188850402832
-4.613757133483887
-4.576444625854492
-4.539394378662109
-4.502439498901367
-4.465746879577637
-4.429125785827637
-4.392766952514648
-4.356527328491211
-4.320526123046875
-4.28466796875
-4.249000549316406
-4.213571548461914
-4.178333282470703
-4.143190383911133
-4.108309745788574
-4.073596000671387
-4.039144515991211
-4.004788398742676
-3.9706945419311523
-3.93679141998291
-3.903055191040039
-3.8695573806762695
-3.836178779602051
-3.803133964538574
-3.7701845169067383
-3.737473487854004
-3.699827194213867
-3.6730527877807617
-3.641223907470703
-3.6096811294555664
-3.578305244445801
-3.5471200942993164
-3.516054153442383
-3.485250473022461
-3.45458984375
-3.42404842376709
-3.3937931060791016
-3.363633155822754
-3.3336639404296875
-3.3039093017578125
-3.2743453979492188
-3.244936466217041
-3.2157421112060547
-3.1867504119873047
-3.157949447631836
-3.1293153762817383
-3.100895881652832
-3.0727028846740723
-3.0446648597717285
-3.016829490661621
-2.9892325401306152
-2.9617667198181152
-2.934563159942627
-2.907538414001465
-2.880740165710449
-2.8540968894958496
-2.8276801109313965
-2.8014540672302246
-2.775406837463379
-2.7495861053466797
-2.723968029022217
-2.69850492477417
-2.6733040809631348
-2.6482582092285156
-2.6234030723571777
-2.5987625122070312
-2.574312686920166
-2.550041675567627
-2.5259852409362793
-2.502107620239258
-2.4784207344055176
-2.4549245834350586
-2.431607246398926
-2.4085164070129395
-2.385580539703369
-2.362847328186035
-2.3403048515319824
-2.317941188812256
-2.295762300491333
-2.2737741470336914
-2.251952886581421
-2.230328321456909
-2.208876609802246
-2.1876156330108643
-2.1665096282958984
-2.145618200302124
-2.1248817443847656
-2.1043241024017334
-2.0839333534240723
-2.063727378845215
-2.0437240600585938
-2.0238518714904785
-2.0041584968566895
-1.9846320152282715
-1.9653081893920898
-1.9463419914245605
-1.9294321537017822
-1.9467949867248535
-2.1099328994750977
-2.116349220275879
