1
2.521803379058838
2.5496883392333984
2.57724666595459
2.6045165061950684
2.6315269470214844
2.658303737640381
2.684868097305298
2.7112364768981934
2.7374229431152344
2.7634389400482178
2.789294719696045
2.814998149871826
2.8405559062957764
2.865973949432373
2.891256332397461
2.916407823562622
2.941431760787964
2.966331720352173
2.9911086559295654
3.015765428543091
3.0403034687042236
3.064724922180176
3.08903169631958
3.113224506378174
3.1373045444488525
3.1612727642059326
3.1851305961608887
3.2088778018951416
3.232515573501587
3.25604510307312
3.2794673442840576
3.3027822971343994
3.325990915298462
3.349093437194824
3.372091293334961
3.3949837684631348
3.4177725315093994
3.440457344055176
3.4630398750305176
3.4855194091796875
3.5078964233398438
3.530172348022461
3.552347421646118
3.574420928955078
3.596395254135132
3.618269920349121
3.640045166015625
3.66172194480896
3.683300495147705
3.7047808170318604
3.7261645793914795
3.747451066970825
3.768641471862793
3.78973650932312
3.8107357025146484
3.831639528274536
3.8524489402770996
3.873164653778076
3.8937859535217285
3.9143142700195312
3.9347500801086426
3.9550929069519043
3.975344181060791
3.9955036640167236
4.015572547912598
4.035550594329834
4.055438041687012
4.075235843658447
4.094944477081299
4.114563941955566
4.13409423828125
4.153537273406982
4.172892093658447
4.192159652709961
4.211340427398682
4.230433940887451
4.249441623687744
4.268363952636719
4.287200450897217
4.305952548980713
4.324619770050049
4.343201637268066
4.361700534820557
4.380115985870361
4.398448467254639
4.416697978973389
4.434865474700928
4.452951431274414
4.470956325531006
4.488879680633545
4.506722450256348
4.524484634399414
4.542166233062744
4.559768199920654
4.577291965484619
4.594736099243164
4.6121015548706055
4.629388809204102
4.646597385406494
4.663729667663574
4.680784225463867
4.6977620124816895
4.714663505554199
4.731489181518555
4.748239040374756
4.764913558959961
4.78151273727417
4.798037528991699
4.814488887786865
4.830865383148193
4.84716796875
4.863397598266602
4.879554748535156
4.895639419555664
4.911650657653809
4.927591323852539
4.943459510803223
4.959256649017334
4.974982738494873
4.99063777923584
5.006222724914551
5.021760940551758
5.0372090339660645
5.052585124969482
5.067890644073486
5.083125591278076
5.098290920257568
5.113386631011963
5.128414154052734
5.143372535705566
5.158263206481934
5.173085689544678
5.187841892242432
5.202530860900879
5.217153072357178
5.231709957122803
5.246201038360596
5.260627269744873
5.274989128112793
5.289285182952881
5.303517818450928
5.317686557769775
5.331790447235107
5.345832347869873
5.359811305999756
5.373726844787598
5.387579917907715
5.401370525360107
5.415101051330566
5.428768634796143
5.442375183105469
5.455921649932861
5.469407081604004
5.482831954956055
5.496196269989014
5.509500503540039
5.5227460861206055
5.535932540893555
5.549059867858887
5.562128067016602
5.575137615203857
5.588089466094971
5.600983142852783
5.613819599151611
5.626597881317139
5.63931941986084
5.651984691619873
5.6645941734313965
5.677145957946777
5.689642429351807
5.702083110809326
5.714467525482178
5.726796627044678
5.73906946182251
5.751288890838623
5.763453006744385
5.7755632400512695
5.787619590759277
5.799622058868408
5.8115715980529785
5.823467254638672
5.835309982299805
5.847100257873535
5.858837127685547
5.870522499084473
5.8821539878845215
5.893733978271484
5.9052629470825195
5.9167399406433105
5.928165912628174
5.939541339874268
5.95086669921875
5.9621405601501465
5.973364353179932
5.984537124633789
5.995660305023193
6.006734371185303
6.017759323120117
6.0287346839904785
6.039660930633545
6.050539016723633
6.061368465423584
6.072150230407715
6.082883358001709
6.093567848205566
6.104205131530762
6.114796161651611
6.125338554382324
6.135834217071533
6.146284103393555
6.156686305999756
6.167042255401611
6.177351951599121
6.18761682510376
6.1978349685668945
6.208008289337158
6.218135833740234
6.228219032287598
6.238255977630615
6.248249530792236
6.258198261260986
6.268102169036865
6.277961730957031
6.287778854370117
6.29755163192749
6.30728006362915
6.316966533660889
6.326609134674072
6.336208820343018
6.345766544342041
6.35528039932251
6.364753246307373
6.374183177947998
6.383571624755859
6.392918109893799
6.402223587036133
6.411486625671387
6.420709133148193
6.4298906326293945
6.439030647277832
6.448130130767822
6.457189559936523
6.466208457946777
6.475187301635742
6.48412561416626
6.493025302886963
6.501884460449219
6.51070499420166
6.519485950469971
6.528227806091309
6.536931037902832
6.545595169067383
6.554221153259277
6.562808513641357
6.571357727050781
6.579869747161865
6.588342666625977
6.596779823303223
6.605177879333496
6.613539218902588
6.621862411499023
6.6301493644714355
6.638400077819824
6.646613597869873
6.654789924621582
6.662930965423584
6.6710357666015625
6.679103851318359
6.687137126922607
6.695134162902832
6.703095436096191
6.711021423339844
6.718913555145264
6.726769924163818
6.734591007232666
6.742377281188965
6.750129222869873
6.757846355438232
6.765529632568359
6.77318000793457
6.780794620513916
6.788374900817871
6.795923233032227
6.803438186645508
6.810918807983398
6.818366527557373
6.825780868530273
6.833163261413574
6.840512752532959
6.8478288650512695
6.855112552642822
6.862364292144775
6.869583606719971
6.876771926879883
6.883926868438721
6.891050815582275
6.898143768310547
6.905203819274902
6.912233352661133
6.919231414794922
6.9261980056762695
6.933135032653809
6.940040588378906
6.946916580200195
6.953760623931885
6.960574626922607
6.96735954284668
6.9741129875183105
6.980837345123291
6.987531661987305
6.994195938110352
7.000831127166748
7.007436275482178
7.014012813568115
7.020560264587402
7.027077674865723
7.033566951751709
7.040026664733887
7.046458721160889
7.05286169052124
7.059236526489258
7.065584182739258
7.071902751922607
7.078193664550781
7.084456443786621
7.0906901359558105
7.096894264221191
7.103067874908447
7.10921049118042
7.115322113037109
7.121401309967041
7.12744665145874
7.133460521697998
7.139440059661865
7.145386219024658
7.151299476623535
7.1571784019470215
7.163023471832275
7.168835163116455
7.174612998962402
7.180356502532959
7.186066150665283
7.191741943359375
7.197383880615234
7.202992916107178
7.208568572998047
7.214111328125
7.219620227813721
7.225095748901367
7.230538368225098
7.2359490394592285
7.241326332092285
7.246671676635742
7.251984596252441
7.257265567779541
7.262514591217041
7.2677321434021
7.272917747497559
7.278072357177734
7.283196449279785
7.28828763961792
7.293348789215088
7.298379421234131
7.303379535675049
7.308349609375
7.313289165496826
7.318199157714844
7.3230791091918945
7.327929496765137
7.332751274108887
7.337542533874512
7.3423051834106445
7.347039222717285
7.351744174957275
7.356420516967773
7.361069679260254
7.3656907081604
7.370283126831055
7.374847412109375
7.3793840408325195
7.38389253616333
7.388373851776123
7.392827987670898
7.397256374359131
7.401656150817871
7.406030178070068
7.410378456115723
7.414699077606201
7.418993949890137
7.423262119293213
7.4275054931640625
7.431722164154053
7.435913562774658
7.440079689025879
7.444220542907715
7.448336124420166
7.452426433563232
7.456492900848389
7.460534572601318
7.4645514488220215
7.468543529510498
7.472512245178223
7.476456642150879
7.480376243591309
7.4842729568481445
7.488145351409912
7.491994857788086
7.495821475982666
7.499624252319336
7.5034050941467285
7.507163047790527
7.510897159576416
7.514607906341553
7.5182976722717285
7.5219645500183105
7.525609493255615
7.529231548309326
7.53283166885376
7.536410808563232
7.539968490600586
7.543503761291504
7.5470170974731445
7.550510883331299
7.553982257843018
7.557433128356934
7.560862064361572
7.564270973205566
7.567659854888916
7.571028232574463
7.574375629425049
7.577702045440674
7.581009387969971
7.584296703338623
7.587564468383789
7.590811729431152
7.594038963317871
7.597247123718262
7.600436210632324
7.603606224060059
7.606756210327148
7.609887599945068
7.61299991607666
7.616093635559082
7.619168758392334
7.6222243309021
7.6252617835998535
7.628281116485596
7.631282329559326
7.634264945983887
7.637228965759277
7.640174865722656
7.64310359954834
7.64601469039917
7.648909091949463
7.651784896850586
7.654644012451172
7.657485008239746
7.660309791564941
7.663116931915283
7.665907859802246
7.668680191040039
7.671436786651611
7.6741766929626465
7.6768999099731445
7.679606914520264
7.6822967529296875
7.684970378875732
7.687627792358398
7.69027042388916
7.692895889282227
7.695506572723389
7.698100566864014
7.70067834854126
7.70324182510376
7.705789566040039
7.708322525024414
7.710840225219727
7.713342189788818
7.715828895568848
7.718299388885498
7.7207560539245605
7.7231974601745605
7.725624084472656
7.728036880493164
7.730433940887451
7.732816696166992
7.735185146331787
7.737540245056152
7.7398810386657715
7.742207050323486
7.744518280029297
7.7468156814575195
7.7490997314453125
7.751369953155518
7.753626346588135
7.755869388580322
7.7581000328063965
7.76031494140625
7.762516975402832
7.764705657958984
7.766881465911865
7.769045352935791
7.771194934844971
7.773331642150879
7.775454998016357
7.777565956115723
7.779663562774658
7.781749248504639
7.783822059631348
7.785882949829102
7.7879319190979
7.7899675369262695
7.791990756988525
7.794002056121826
7.796000957489014
7.797987461090088
7.799962997436523
7.801926612854004
7.803877830505371
7.805817127227783
7.80774450302124
7.809659957885742
7.811563968658447
7.813457489013672
7.815338611602783
7.817209243774414
7.819068908691406
7.820916175842285
7.822751998901367
7.824577331542969
7.82639217376709
7.828195095062256
7.8299880027771
7.831770420074463
7.8335418701171875
7.835301876068115
7.8370513916015625
7.838789463043213
7.840517997741699
7.842236042022705
7.843944072723389
7.845640659332275
7.847327709197998
7.849004745483398
7.850671768188477
7.852328300476074
7.85397481918335
7.855611801147461
7.857237815856934
7.858855247497559
7.8604631423950195
7.862061500549316
7.863649845123291
7.865228176116943
7.866796493530273
7.868356227874756
7.8699049949646
7.871445655822754
7.8729777336120605
7.874499797821045
7.876012802124023
7.877516746520996
7.879012107849121
7.88049840927124
7.881974220275879
7.88344144821167
7.8849005699157715
7.886351108551025
7.887792110443115
7.889224529266357
7.890649318695068
7.892065048217773
7.893472671508789
7.894871234893799
7.896260738372803
7.897642135620117
7.899015426635742
7.900379657745361
7.901736259460449
7.903084754943848
7.904425621032715
7.905757904052734
7.907081604003906
7.908398151397705
7.909707546234131
7.911008358001709
7.912300109863281
7.913585186004639
7.914862632751465
7.916131496429443
7.917393207550049
7.918647289276123
7.919894218444824
7.921133995056152
7.922366142272949
7.923590660095215
7.924807071685791
7.926015853881836
7.927217960357666
7.928412437438965
7.929600238800049
7.930779933929443
7.931952953338623
7.933119297027588
7.934278964996338
7.935431957244873
7.936576843261719
7.93771505355835
7.938847541809082
7.939972877502441
7.9410905838012695
7.942200660705566
7.943305015563965
7.94440221786499
7.945493698120117
7.946578025817871
7.947656631469727
7.948728084564209
7.949792861938477
7.950851917266846
7.951904773712158
7.952951431274414
7.953991413116455
7.955024719238281
7.956051349639893
7.957071781158447
7.9580864906311035
7.959095478057861
7.960097312927246
7.961093425750732
7.962083339691162
7.963068008422852
7.964046955108643
7.965020179748535
7.9659881591796875
7.966948509216309
7.967904090881348
7.96885347366333
7.969797611236572
7.9707350730896
7.971667766571045
7.972593307495117
7.973513603210449
7.974429130554199
7.975338459014893
7.976243019104004
7.977142810821533
7.978037357330322
7.9789252281188965
7.979807376861572
7.980685234069824
7.981557846069336
7.982426166534424
7.9832892417907715
7.984147071838379
7.98499870300293
7.985844612121582
7.986685752868652
7.987521648406982
7.988353252410889
7.989179611206055
7.990001201629639
7.990817070007324
7.9916276931762695
7.992433071136475
7.993235111236572
7.994032382965088
7.9948248863220215
7.995612144470215
7.996395587921143
7.997173309326172
7.997945785522461
7.998714923858643
7.999479293823242
8.000237464904785
8.000991821289062
8.001741409301758
8.002487182617188
8.003227233886719
8.003963470458984
8.004694938659668
8.005422592163086
8.006145477294922
8.006864547729492
8.007579803466797
8.00829029083252
8.00899600982666
8.009697914123535
8.010395050048828
8.011088371276855
8.011778831481934
8.012463569641113
8.013144493103027
8.013822555541992
8.014495849609375
8.015164375305176
8.015827178955078
8.016487121582031
8.017143249511719
8.01779556274414
8.018444061279297
8.019088745117188
8.019729614257812
8.020366668701172
8.020999908447266
8.021628379821777
8.022253036499023
8.02287483215332
8.023492813110352
8.024107933044434
8.024718284606934
8.025325775146484
8.02592945098877
8.026530265808105
8.02712631225586
8.027718544006348
8.028307914733887
8.02889347076416
8.029475212097168
8.03005313873291
8.030627250671387
8.031197547912598
8.031765937805176
8.032330513000488
8.032891273498535
8.033447265625
8.034001350402832
8.034551620483398
8.035099029541016
8.035643577575684
8.036184310913086
8.036722183227539
8.037257194519043
8.037789344787598
8.038317680358887
8.038843154907227
8.0393648147583
8.039883613586426
8.040398597717285
8.040910720825195
8.041420936584473
8.041927337646484
8.042430877685547
8.04293155670166
8.043429374694824
8.043924331665039
8.044416427612305
8.044903755187988
8.045388221740723
8.045869827270508
8.04634952545166
8.04682445526123
8.047297477722168
8.047768592834473
8.048236846923828
8.048701286315918
8.049163818359375
8.049623489379883
8.050080299377441
8.050535202026367
8.050987243652344
8.051436424255371
8.051881790161133
8.052324295043945
8.052763938903809
8.053201675415039
8.05363655090332
8.054069519042969
8.054499626159668
8.054927825927734
8.055353164672852
8.055776596069336
8.056197166442871
8.056614875793457
8.05703067779541
8.057443618774414
8.057852745056152
8.058259963989258
8.05866527557373
8.059066772460938
8.059465408325195
8.059863090515137
8.060257911682129
8.060650825500488
8.061040878295898
8.06142807006836
8.061813354492188
8.062196731567383
8.062578201293945
8.062957763671875
8.063334465026855
8.06370735168457
8.064079284667969
8.064448356628418
8.064815521240234
8.065180778503418
8.065543174743652
8.06590461730957
8.066262245178223
8.066619873046875
8.066974639892578
8.067326545715332
8.06767749786377
8.068025588989258
8.068371772766113
8.068717002868652
8.069059371948242
8.0693998336792
8.069738388061523
8.070074081420898
8.07040786743164
8.070738792419434
8.07106876373291
8.071395874023438
8.071722030639648
8.072046279907227
8.072368621826172
8.072689056396484
8.073007583618164
8.073324203491211
8.073638916015625
8.07395076751709
8.074261665344238
8.074569702148438
8.074875831604004
8.075180053710938
8.075484275817871
8.075784683227539
8.076083183288574
8.076379776000977
8.076674461364746
8.0769681930542
8.07726001739502
8.077549934387207
8.077838897705078
8.078125
8.078410148620605
8.078693389892578
8.078974723815918
8.079254150390625
8.079532623291016
8.07981014251709
8.080084800720215
8.08035945892334
8.080631256103516
8.080902099609375
8.081171035766602
8.081438064575195
8.081704139709473
8.0819673538208
8.082229614257812
8.082489013671875
8.082748413085938
8.08300495147705
8.083260536193848
8.083515167236328
8.083767890930176
8.084019660949707
8.084269523620605
8.084517478942871
8.08476448059082
8.085010528564453
8.085254669189453
8.08549690246582
8.085738182067871
8.085978507995605
8.086216926574707
8.086454391479492
8.086689949035645
8.08692455291748
8.087157249450684
8.08738899230957
8.087618827819824
8.087847709655762
8.088074684143066
8.088299751281738
8.088522911071777
8.0887451171875
8.08896541595459
8.089184761047363
8.089402198791504
8.089618682861328
8.089834213256836
8.090048789978027
8.090261459350586
8.090473175048828
8.090683937072754
8.090893745422363
8.09110164642334
8.09130859375
8.091513633728027
8.091718673706055
8.09192180633545
8.092123985290527
8.092324256896973
8.092524528503418
8.09272289276123
8.092920303344727
8.093116760253906
8.09331226348877
8.093505859375
8.09369945526123
8.093891143798828
8.094080924987793
8.094268798828125
8.094456672668457
8.094642639160156
8.094827651977539
8.095011711120605
8.095194816589355
8.095376968383789
8.09555721282959
8.09573745727539
8.095916748046875
8.096095085144043
8.096271514892578
8.096447944641113
8.096622467041016
8.096796035766602
8.096968650817871
8.09714126586914
8.097311973571777
8.097481727600098
8.097649574279785
8.097817420959473
8.09798526763916
8.098151206970215
8.098316192626953
8.098480224609375
8.09864330291748
8.09880542755127
8.098966598510742
8.099126815795898
8.099286079406738
8.099445343017578
8.099602699279785
8.099759101867676
8.09991455078125
8.100069046020508
8.100223541259766
8.100374221801758
8.10052490234375
8.100675582885742
8.100824356079102
8.100973129272461
8.101119995117188
8.101266860961914
8.101412773132324
8.101557731628418
8.101701736450195
8.101845741271973
8.101988792419434
8.102129936218262
8.10227108001709
8.102411270141602
8.102550506591797
8.102688789367676
8.102827072143555
8.1029634475708
8.103099822998047
8.10323429107666
8.10336685180664
8.103499412536621
8.103631019592285
8.10376262664795
8.103893280029297
8.104022979736328
8.104151725769043
8.104279518127441
8.10440731048584
8.104534149169922
8.104660034179688
8.104785919189453
8.104909896850586
8.105033874511719
8.105156898498535
8.105278968811035
8.105401039123535
8.105522155761719
8.105642318725586
8.105762481689453
8.105880737304688
8.105999946594238
8.10611629486084
8.106233596801758
8.10634994506836
8.106464385986328
8.10657787322998
8.106690406799316
8.106802940368652
8.106914520263672
8.107025146484375
8.107135772705078
8.107245445251465
8.107355117797852
8.107463836669922
8.107571601867676
8.10767936706543
8.107786178588867
8.107892036437988
8.10799789428711
8.108102798461914
8.108206748962402
8.10831069946289
8.108413696289062
8.108516693115234
8.10861873626709
8.108719825744629
8.108820915222168
8.10892105102539
8.109020233154297
8.109119415283203
8.109217643737793
8.109315872192383
8.109413146972656
8.109509468078613
8.10960578918457
8.109701156616211
8.109796524047852
8.109890937805176
8.1099853515625
8.110078811645508
8.1101713180542
8.11026382446289
26.948305130004883
26.881568908691406
26.81338119506836
26.743839263916016
26.673044204711914
26.60108757019043
26.52805519104004
26.45403289794922
26.37908935546875
26.303300857543945
26.226736068725586
26.14946174621582
26.07154083251953
25.99302101135254
25.913963317871094
25.83442497253418
25.75444221496582
25.674062728881836
25.59333610534668
25.512298583984375
25.430986404418945
25.349443435668945
25.267696380615234
25.18577766418457
25.10372543334961
25.021562576293945
24.939315795898438
24.85701560974121
24.774682998657227
24.692338943481445
24.61000633239746
24.5277099609375
24.445463180541992
24.363285064697266
24.28119659423828
24.1992130279541
24.117347717285156
24.03561782836914
23.95403480529785
23.87260627746582
23.791351318359375
23.710283279418945
23.629404067993164
23.548730850219727
23.46826934814453
23.388029098510742
23.308019638061523
23.228248596191406
23.148727416992188
23.0694580078125
22.990446090698242
22.911701202392578
22.83322525024414
22.755023956298828
22.67710304260254
22.599470138549805
22.522123336791992
22.445072174072266
22.36832046508789
22.2918643951416
22.215715408325195
22.139867782592773
22.0643310546875
21.989105224609375
21.914196014404297
21.839601516723633
21.765321731567383
21.691362380981445
21.617721557617188
21.544401168823242
21.471405029296875
21.398733139038086
21.32638931274414
21.254369735717773
21.18267822265625
21.111310958862305
21.04026985168457
20.96955680847168
20.899173736572266
20.829118728637695
20.759389877319336
20.689987182617188
20.620914459228516
20.55217170715332
20.48375701904297
20.41567039489746
20.347909927368164
20.280473709106445
20.213367462158203
20.146587371826172
20.080129623413086
20.01399803161621
19.948190689086914
19.882705688476562
19.817543029785156
19.752702713012695
19.68818473815918
19.623985290527344
19.56010627746582
19.496545791625977
19.433305740356445
19.370378494262695
19.307767868041992
19.245471954345703
19.183490753173828
19.121822357177734
19.060466766357422
18.999420166015625
18.93868637084961
18.878259658813477
18.81814193725586
18.758329391479492
18.698822021484375
18.639617919921875
18.580718994140625
18.52212142944336
18.463825225830078
18.40583038330078
18.34813117980957
18.29073143005371
18.23362922668457
18.17682456970215
18.120311737060547
18.064088821411133
18.008159637451172
17.952524185180664
17.897174835205078
17.84211540222168
17.78734016418457
17.732852935791016
17.67864990234375
17.624731063842773
17.57109260559082
17.517738342285156
17.464662551879883
17.411865234375
17.35934829711914
17.307106018066406
17.25514030456543
17.203445434570312
17.15202522277832
17.10087776184082
17.049999237060547
16.9993896484375
16.94904899597168
16.898975372314453
16.849166870117188
16.79962158203125
16.750341415405273
16.701322555541992
16.652565002441406
16.604066848754883
16.555828094482422
16.507844924926758
16.460119247436523
16.412649154663086
16.365434646606445
16.318471908569336
16.271759033203125
16.225299835205078
16.179088592529297
16.13312530517578
16.08740997314453
16.041942596435547
15.996715545654297
15.951735496520996
15.906997680664062
15.86250114440918
15.818243980407715
15.774227142333984
15.730446815490723
15.686903953552246
15.643595695495605
15.60052490234375
15.557683944702148
15.515077590942383
15.472701072692871
15.430556297302246
15.388639450073242
15.346951484680176
15.305490493774414
15.264256477355957
15.223245620727539
15.182459831237793
15.141895294189453
15.10155200958252
15.061431884765625
15.021528244018555
14.981843948364258
14.942378044128418
14.90312671661377
14.864091873168945
14.825270652770996
14.786662101745605
14.748265266418457
14.71008014678955
14.67210578918457
14.634339332580566
14.596780776977539
14.559428215026855
14.5222806930542
14.48534107208252
14.448604583740234
14.412070274353027
14.375737190246582
14.339605331420898
14.30367374420166
14.267940521240234
14.232404708862305
14.197065353393555
14.161922454833984
14.126972198486328
14.092217445373535
14.057656288146973
14.023285865783691
13.989106178283691
13.95511531829834
13.921314239501953
13.887701034545898
13.85427474975586
13.82103443145752
13.787981033325195
13.755111694335938
13.722426414489746
13.689922332763672
13.657602310180664
13.625462532043457
13.593501091003418
13.56171703338623
13.530110359191895
13.498682975769043
13.467430114746094
13.436351776123047
13.405448913574219
13.374720573425293
13.34416389465332
13.313776969909668
13.283561706542969
13.25351619720459
13.223637580871582
13.193928718566895
13.164387702941895
13.135011672973633
13.105801582336426
13.07675552368164
13.047873497009277
13.019153594970703
12.990596771240234
12.962202072143555
12.933965682983398
12.905888557434082
12.877970695495605
12.850211143493652
12.822607040405273
12.795159339904785
12.767868041992188
12.740732192993164
12.713747024536133
12.68691635131836
12.660237312316895
12.633709907531738
12.607331275939941
12.581103324890137
12.555024147033691
12.529092788696289
12.503308296203613
12.477673530578613
12.45218276977539
12.426836967468262
12.40163516998291
12.37657642364502
12.35166072845459
12.326887130737305
12.302254676818848
12.27776050567627
12.25340747833252
12.229193687438965
12.205118179321289
12.18117904663086
12.157376289367676
12.133711814880371
12.11018180847168
12.086785316467285
12.063522338867188
12.04039192199707
12.0173921585083
11.994525909423828
11.971790313720703
11.94918441772461
11.92670726776123
11.904361724853516
11.88214111328125
11.860048294067383
11.838083267211914
11.816245079040527
11.79453182220459
11.772942543029785
11.75147819519043
11.730134963989258
11.708915710449219
11.687817573547363
11.666839599609375
11.645983695983887
11.625246047973633
11.604628562927246
11.584129333496094
11.563748359680176
11.543484687805176
11.523338317871094
11.503308296203613
11.483393669128418
11.463593482971191
11.4439058303833
11.424333572387695
11.404873847961426
11.385526657104492
11.366293907165527
11.34716796875
11.328153610229492
11.309249877929688
11.29045581817627
11.271771430969238
11.253192901611328
11.234721183776855
11.216358184814453
11.198100090026855
11.179948806762695
11.161901473999023
11.143959999084473
11.126121520996094
11.108386993408203
11.090755462646484
11.073225021362305
11.055795669555664
11.038467407226562
11.021240234375
11.00411319732666
10.987086296081543
10.970157623291016
10.953327178955078
10.93659496307373
10.919958114624023
10.903420448303223
10.886977195739746
10.87062931060791
10.854376792907715
10.838218688964844
10.822155952453613
10.80618667602539
10.790308952331543
10.774523735046387
10.758829116821289
10.743228912353516
10.727717399597168
10.712297439575195
10.696965217590332
10.681723594665527
10.666570663452148
10.651507377624512
10.636530876159668
10.62164306640625
10.606839179992676
10.592123031616211
10.577492713928223
10.562948226928711
10.54848861694336
10.534113883972168
10.519821166992188
10.505613327026367
10.49148941040039
10.477445602416992
10.463485717773438
10.449606895446777
10.435809135437012
10.42209243774414
10.408453941345215
10.3948974609375
10.38141918182373
10.368020057678223
10.35469913482666
10.34145736694336
10.328292846679688
10.315204620361328
10.302193641662598
10.289258003234863
10.276397705078125
10.263612747192383
10.250904083251953
10.23827075958252
10.225709915161133
10.213223457336426
10.200809478759766
10.188467979431152
10.176198959350586
10.16400146484375
10.151876449584961
10.139822959899902
10.127840042114258
10.115926742553711
10.104084968566895
10.092312812805176
10.080608367919922
10.068973541259766
10.05740737915039
10.04590892791748
10.034479141235352
10.023115158081055
10.01181697845459
10.00058650970459
9.989421844482422
9.978322982788086
9.967289924621582
9.956320762634277
9.945417404174805
9.934576988220215
9.92380142211914
9.913089752197266
9.902440071105957
9.891853332519531
9.881329536437988
9.870866775512695
9.860466003417969
9.850126266479492
9.839847564697266
9.829628944396973
9.81947135925293
9.80937385559082
9.799335479736328
9.789356231689453
9.779435157775879
9.769573211669922
9.759770393371582
9.75002384185791
9.740336418151855
9.730705261230469
9.72113037109375
9.711612701416016
9.702150344848633
9.692745208740234
9.683395385742188
9.674100875854492
9.664860725402832
9.655674934387207
9.646543502807617
9.637468338012695
9.628443717956543
9.619474411010742
9.610556602478027
9.601692199707031
9.592880249023438
9.584120750427246
9.57541275024414
9.566755294799805
9.558150291442871
9.549596786499023
9.541091918945312
9.532638549804688
9.524235725402832
9.51588249206543
9.507577896118164
9.499322891235352
9.491116523742676
9.482958793640137
9.47485065460205
9.466789245605469
9.458775520324707
9.450809478759766
9.442891120910645
9.435019493103027
9.427193641662598
9.419413566589355
9.411681175231934
9.4039945602417
9.396352767944336
9.38875675201416
9.381205558776855
9.373700141906738
9.366238594055176
9.358820915222168
9.351446151733398
9.3441162109375
9.33682918548584
9.32958698272705
9.322386741638184
9.315229415893555
9.308114051818848
9.301041603088379
9.294011116027832
9.28702163696289
9.280075073242188
9.27316951751709
9.266304016113281
9.259480476379395
9.252696990966797
9.245953559875488
9.239250183105469
9.232586860656738
9.22596263885498
9.219377517700195
9.2128324508667
9.20632553100586
9.199858665466309
9.193428039550781
9.187036514282227
9.180683135986328
9.174367904663086
9.168089866638184
9.161849975585938
9.155646324157715
9.149480819702148
9.143351554870605
9.137258529663086
9.13120174407959
9.1251802444458
9.119195938110352
9.113245964050293
9.107331275939941
9.101451873779297
9.09560775756836
9.089797973632812
9.084023475646973
9.078283309936523
9.072577476501465
9.06690502166748
9.061267852783203
9.055663108825684
9.050091743469238
9.044553756713867
9.039048194885254
9.033576011657715
9.028136253356934
9.022727966308594
9.017353057861328
9.012009620666504
9.006698608398438
9.001419067382812
8.996170043945312
8.99095344543457
8.985767364501953
8.980612754821777
8.975489616394043
8.9703950881958
8.965331077575684
8.960298538208008
8.95529556274414
8.950321197509766
8.945378303527832
8.94046401977539
8.935579299926758
8.930724143981934
8.925896644592285
8.921099662780762
8.916330337524414
8.911589622497559
8.906877517700195
8.902193069458008
8.897536277770996
8.89290714263916
8.8883056640625
8.883732795715332
8.879186630249023
8.874667167663574
8.8701753616333
8.86570930480957
8.861270904541016
8.85685920715332
8.852473258972168
8.848113059997559
8.843780517578125
8.839472770690918
8.835189819335938
8.830933570861816
8.826703071594238
8.82249641418457
8.818315505981445
8.814160346984863
8.810029983520508
8.805923461914062
8.801841735839844
8.797783851623535
8.793750762939453
8.789742469787598
8.785758018493652
8.7817964553833
8.77785873413086
8.773944854736328
8.770054817199707
8.766186714172363
8.762343406677246
8.758522987365723
8.75472354888916
8.750947952270508
8.74719524383545
8.743464469909668
8.73975658416748
8.73607063293457
8.732406616210938
8.728763580322266
8.725143432617188
8.721545219421387
8.717967987060547
8.714411735534668
8.71087646484375
8.707364082336426
8.703871726989746
8.700400352478027
8.696949005126953
8.69351863861084
8.690109252929688
8.68671989440918
8.683351516723633
8.68000316619873
8.676673889160156
8.673365592956543
8.670075416564941
8.6668062210083
8.663557052612305
8.66032600402832
8.65711498260498
8.653923988342285
8.650751113891602
8.647597312927246
8.644461631774902
8.64134693145752
8.638249397277832
8.635170936584473
8.632110595703125
8.629067420959473
8.626044273376465
8.623040199279785
8.620052337646484
8.617082595825195
8.614130973815918
8.611197471618652
8.608280181884766
8.60538101196289
8.602499008178711
8.599634170532227
8.596786499023438
8.59395694732666
8.591142654418945
8.588346481323242
8.585567474365234
8.582804679870605
8.580058097839355
8.577326774597168
8.574613571166992
8.571916580200195
8.569234848022461
8.566570281982422
8.563920974731445
8.561286926269531
8.558669090270996
8.55606746673584
8.553481101989746
8.550909996032715
8.548354148864746
8.545812606811523
8.543288230895996
8.540778160095215
8.538284301757812
8.53580379486084
8.53333854675293
8.530888557434082
8.52845287322998
8.526032447814941
8.523626327514648
8.521234512329102
8.5188570022583
8.51649284362793
8.514143943786621
8.511809349060059
8.509488105773926
8.507180213928223
8.504886627197266
8.502607345581055
8.50034236907959
8.498089790344238
8.495850563049316
8.49362564086914
8.491413116455078
8.489213943481445
8.487029075622559
8.484856605529785
8.482698440551758
8.480551719665527
8.47841739654541
8.476296424865723
8.474188804626465
8.472094535827637
8.470012664794922
8.467941284179688
8.465883255004883
8.463838577270508
8.461804389953613
8.459783554077148
8.457775115966797
8.455778121948242
8.4537935256958
8.45181941986084
8.449858665466309
8.447908401489258
8.445971488952637
8.444046020507812
8.442131042480469
8.440228462219238
8.438336372375488
8.436455726623535
8.434586524963379
8.43272876739502
8.430882453918457
8.429046630859375
8.42722225189209
8.425408363342285
8.423605918884277
8.42181396484375
8.420032501220703
8.418262481689453
8.416502952575684
8.414753913879395
8.413015365600586
8.411287307739258
8.40956974029541
8.407861709594727
8.406164169311523
8.404478073120117
8.402801513671875
8.401135444641113
8.399477005004883
8.397830963134766
8.396193504333496
8.39456558227539
8.392948150634766
8.391340255737305
8.389741897583008
8.388154029846191
8.386574745178223
8.385005950927734
8.383445739746094
8.3818941116333
8.380352973937988
8.378820419311523
8.377296447753906
8.37578296661377
8.37427806854248
8.372782707214355
8.371295928955078
8.369817733764648
8.368349075317383
8.366888999938965
8.365436553955078
8.363993644714355
8.36255931854248
8.361135482788086
8.359718322753906
8.35831069946289
8.35690975189209
8.35551929473877
8.35413646697998
8.352761268615723
8.351393699645996
8.350035667419434
8.348684310913086
8.347343444824219
8.346010208129883
8.344683647155762
8.343365669250488
8.342056274414062
8.340754508972168
8.339459419250488
8.338172912597656
8.336894035339355
8.335622787475586
8.334359169006348
8.333104133605957
8.331856727600098
8.330615997314453
8.329381942749023
8.328155517578125
8.326936721801758
8.325725555419922
8.3245210647583
8.323324203491211
8.322134017944336
8.320950508117676
8.319775581359863
8.318608283996582
8.317447662353516
8.316292762756348
8.315145492553711
8.314004898071289
8.312871932983398
8.311744689941406
8.310625076293945
8.309511184692383
8.308403015136719
8.307302474975586
8.306208610534668
8.305122375488281
8.30404281616211
8.302968978881836
8.301901817321777
8.300841331481934
8.299787521362305
8.298739433288574
8.297697067260742
8.296660423278809
8.29563045501709
8.294607162475586
8.29358959197998
8.29257869720459
8.291572570800781
8.290574073791504
8.289581298828125
8.288595199584961
8.287614822387695
8.286640167236328
8.285670280456543
8.284707069396973
8.283748626708984
8.282796859741211
8.281850814819336
8.28091049194336
8.279974937438965
8.279045104980469
8.278120994567871
8.277202606201172
8.276290893554688
8.275383949279785
8.274483680725098
8.273587226867676
8.272696495056152
8.271810531616211
8.270930290222168
8.27005672454834
8.269186973571777
8.268322944641113
8.267463684082031
8.266609191894531
8.265759468078613
8.264915466308594
8.264077186584473
8.263243675231934
8.262414932250977
8.261591911315918
8.260772705078125
8.25995922088623
8.259149551391602
8.258346557617188
8.257548332214355
8.256753921508789
8.255964279174805
8.255179405212402
8.254398345947266
8.253622055053711
8.252850532531738
8.252084732055664
8.251322746276855
8.250566482543945
8.249813079833984
8.249064445495605
8.248320579528809
8.24758243560791
8.246847152709961
8.246118545532227
8.245393753051758
8.244672775268555
8.243956565856934
8.243243217468262
8.242534637451172
8.241829872131348
8.241129875183105
8.240433692932129
8.23974323272705
8.239055633544922
8.238371849060059
8.237692832946777
8.237016677856445
8.236345291137695
8.235677719116211
8.235013961791992
8.234354972839355
8.2337007522583
8.233050346374512
8.232403755187988
8.23176097869873
8.231122016906738
8.230486869812012
8.22985553741455
8.229227066040039
8.228602409362793
8.227983474731445
8.22736644744873
8.226754188537598
8.226144790649414
8.225539207458496
8.224936485290527
8.22433853149414
8.223743438720703
8.223151206970215
8.222562789916992
8.221978187561035
8.22139835357666
8.220821380615234
8.220247268676758
8.219676971435547
8.219111442565918
8.218548774719238
8.217988967895508
8.217432975769043
8.216878890991211
8.216329574584961
8.21578311920166
8.215240478515625
8.214701652526855
8.214164733886719
8.213631629943848
8.213101387023926
8.212574005126953
8.21204948425293
8.211527824401855
8.211009979248047
8.210494995117188
8.209982872009277
8.209474563598633
8.208970069885254
8.208467483520508
8.207967758178711
8.20747184753418
8.206977844238281
8.206486701965332
8.205999374389648
8.205513954162598
8.205031394958496
8.20455265045166
8.20407772064209
8.203605651855469
8.203136444091797
8.202669143676758
8.2022066116333
8.20174503326416
8.201287269592285
8.200831413269043
8.200377464294434
8.199926376342773
8.199478149414062
8.1990327835083
8.198590278625488
8.198150634765625
8.197713851928711
8.197279930114746
8.196847915649414
8.196418762207031
8.195992469787598
8.195568084716797
8.195146560668945
8.194726943969727
8.194310188293457
8.19389533996582
8.193483352661133
8.193074226379395
8.192667007446289
8.192262649536133
8.191859245300293
8.191459655761719
8.191061973571777
8.190667152404785
8.190276145935059
8.189887046813965
8.18950080871582
8.189115524291992
8.188733100891113
8.188352584838867
8.18797492980957
8.187599182128906
8.187225341796875
8.186853408813477
8.186484336853027
8.186117172241211
8.185750961303711
8.185389518737793
8.185029983520508
8.184671401977539
8.18431568145752
8.183961868286133
8.183609962463379
8.183259963989258
8.182912826538086
8.18256664276123
8.182223320007324
8.18188190460205
8.181541442871094
8.181203842163086
8.180868148803711
8.180533409118652
8.18020248413086
8.179872512817383
8.179545402526855
8.179220199584961
8.1788969039917
8.17857551574707
8.178256034851074
8.177938461303711
8.17762279510498
8.177308082580566
8.176996231079102
8.176685333251953
8.176377296447754
8.176071166992188
8.175766944885254
8.175464630126953
8.175164222717285
8.17486572265625
8.174569129943848
8.174273490905762
8.173979759216309
8.173687934875488
8.1733980178833
8.173110961914062
8.17282485961914
8.172541618347168
8.172258377075195
8.171977996826172
8.171698570251465
8.17142105102539
8.171144485473633
8.170869827270508
8.170597076416016
8.17032527923584
8.170056343078613
8.169787406921387
8.169520378112793
8.169255256652832
8.168991088867188
8.168729782104492
8.168469429016113
8.16821002960205
8.167952537536621
8.167695999145508
8.167441368103027
8.167189598083496
8.166937828063965
8.166688919067383
8.166441917419434
8.1661958694458
8.165950775146484
8.1657075881958
8.165465354919434
8.165224075317383
8.164984703063965
8.16474723815918
8.164510726928711
8.164276123046875
8.164042472839355
8.163809776306152
8.163578033447266
8.163348197937012
8.16312026977539
8.162893295288086
a
1.8
1.412808895111084
1.3942480087280273
1.3779163360595703
1.3634920120239258
1.3505220413208008
1.3388395309448242
1.3282179832458496
1.3184189796447754
1.3093233108520508
1.30079984664917
1.2927889823913574
1.2851715087890625
1.2778878211975098
1.270902156829834
1.2641191482543945
1.2575745582580566
1.2511968612670898
1.2449979782104492
1.238846778869629
1.2328386306762695
1.2269020080566406
1.2210726737976074
1.2153387069702148
1.2096405029296875
1.2040019035339355
1.198410987854004
1.1928915977478027
1.1873602867126465
1.1818885803222656
1.1764764785766602
1.171112060546875
1.1657476425170898
1.160430908203125
1.1551260948181152
1.149892807006836
1.1446237564086914
1.1394381523132324
1.1342406272888184
1.1291265487670898
1.123976707458496
1.1188507080078125
1.1137962341308594
1.1087536811828613
1.103675365447998
1.0987162590026855
1.093733310699463
1.0887622833251953
1.083838939666748
1.0789275169372559
1.0740160942077637
1.069188117980957
1.0643243789672852
1.0595202445983887
1.0547518730163574
1.049959659576416
1.0451912879943848
1.0404706001281738
1.0357856750488281
1.0310649871826172
1.0264158248901367
1.0217905044555664
1.017141342163086
1.012563705444336
1.0079741477966309
1.0034441947937012
0.9989023208618164
0.9943723678588867
0.9898900985717773
0.9854316711425781
0.9809732437133789
0.9765148162841797
0.9721517562866211
0.9677410125732422
0.9633779525756836
0.9590387344360352
0.9546756744384766
0.9503841400146484
0.9461164474487305
0.9418249130249023
0.9376049041748047
0.9333610534667969
0.9290933609008789
0.9249448776245117
0.9207725524902344
0.9166240692138672
0.9124755859375
0.9083747863769531
0.9042978286743164
0.9002447128295898
0.8961677551269531
0.8921384811401367
0.8881092071533203
0.8840799331665039
0.8800983428955078
0.8761882781982422
0.8722066879272461
0.8682727813720703
0.8643627166748047
0.8604288101196289
0.8566141128540039
0.8527278900146484
0.8488893508911133
0.8450746536254883
0.8412837982177734
0.8374929428100586
0.8337259292602539
0.8299589157104492
0.8262395858764648
0.8225679397583008
0.8188247680664062
0.815129280090332
0.8114814758300781
0.8078575134277344
0.8042335510253906
0.8005619049072266
0.7970333099365234
0.7934093475341797
0.7898569107055664
0.7863044738769531
0.7827520370483398
0.7792472839355469
0.7767438888549805
0.7725000381469727
0.7688522338867188
0.7652997970581055
0.7617473602294922
0.7582664489746094
0.7547855377197266
0.7513761520385742
0.7479190826416016
0.7445335388183594
0.741124153137207
0.7378101348876953
0.7344484329223633
0.7311105728149414
0.72784423828125
0.7245540618896484
0.7213115692138672
0.7180929183959961
0.7148027420043945
0.7116317749023438
0.7084369659423828
0.7051944732666016
0.7020950317382812
0.6989479064941406
0.6957769393920898
0.6926536560058594
0.6895303726196289
0.6865262985229492
0.6833791732788086
0.6803274154663086
0.6773233413696289
0.6742715835571289
0.6712436676025391
0.6682157516479492
0.6652116775512695
0.6622791290283203
0.6593227386474609
0.6563663482666016
0.6534099578857422
0.650477409362793
0.6475925445556641
0.644683837890625
0.6418228149414062
0.6389141082763672
0.6360769271850586
0.6332635879516602
0.6304740905761719
0.627589225769043
0.6248235702514648
0.6220340728759766
0.6192207336425781
0.616455078125
0.6136417388916016
0.6109714508056641
0.6082057952880859
0.6055116653442383
0.6028175354003906
0.600123405456543
0.5974769592285156
0.594782829284668
0.5921363830566406
0.5895137786865234
0.5868434906005859
0.5842685699462891
0.5815744400024414
0.5789995193481445
0.5764484405517578
0.5738496780395508
0.5712985992431641
0.5687713623046875
0.5662679672241211
0.5636930465698242
0.5611896514892578
0.5586385726928711
0.5561590194702148
0.5537033081054688
0.5512475967407227
0.5487680435180664
0.5463123321533203
0.5439043045043945
0.5414724349975586
0.539088249206543
0.536656379699707
0.5342245101928711
0.5318641662597656
0.5295515060424805
0.5271196365356445
0.5247831344604492
0.5224943161010742
0.5201101303100586
0.5177974700927734
0.5154848098754883
0.5132436752319336
0.5109071731567383
0.5086660385131836
0.5063772201538086
0.5041599273681641
0.5018472671508789
0.4996776580810547
0.4974365234375
0.4951953887939453
0.4929780960083008
0.4908561706542969
0.48863887786865234
0.4864215850830078
0.48432350158691406
0.4821300506591797
0.4799842834472656
0.4778861999511719
0.4756927490234375
0.47364234924316406
0.47149658203125
0.4694223403930664
0.46732425689697266
0.4652738571166992
0.4631519317626953
0.46112537384033203
0.4590749740600586
0.457000732421875
0.4549741744995117
0.4529714584350586
0.4509449005126953
0.4489421844482422
0.4469156265258789
0.44498443603515625
0.44295787811279297
0.4410266876220703
0.43904781341552734
0.43709278106689453
0.4351615905761719
0.43320655822753906
0.43129920959472656
0.4293680191040039
0.4274606704711914
0.4256010055541992
0.4236459732055664
0.4218578338623047
0.4199028015136719
0.41806697845458984
0.41615962982177734
0.41434764862060547
0.4125356674194336
0.4106760025024414
0.4088163375854492
0.40705204010009766
0.4052400588989258
0.40340423583984375
0.40166378021240234
0.39985179901123047
0.39806365966796875
0.3962993621826172
0.3946065902709961
0.3928184509277344
0.3910541534423828
0.3893136978149414
0.38759708404541016
0.38585662841796875
0.38416385650634766
0.3825187683105469
0.38073062896728516
0.3790140151977539
0.37741661071777344
0.3757476806640625
0.37403106689453125
0.37238597869873047
0.37071704864501953
0.36911964416503906
0.3674745559692383
0.36580562591552734
0.3641843795776367
0.36258697509765625
0.3609657287597656
0.35941600799560547
0.35774707794189453
0.3561973571777344
0.3546476364135742
0.35300254821777344
0.35147666931152344
0.3499031066894531
0.3483295440673828
0.3468513488769531
0.3452777862548828
0.3437995910644531
0.34220218658447266
0.3407001495361328
0.3392457962036133
0.33767223358154297
0.33621788024902344
0.3347158432006836
0.33321380615234375
0.3317594528198242
0.3302574157714844
0.328826904296875
0.32737255096435547
0.3258705139160156
0.3244638442993164
0.3229856491088867
0.32160282135009766
0.3201484680175781
0.3187417984008789
0.3173828125
0.31592845916748047
0.3145456314086914
0.3131389617919922
0.31168460845947266
0.31020641326904297
0.30868053436279297
0.3071308135986328
0.30558109283447266
0.30395984649658203
0.30226707458496094
0.3006935119628906
0.2989768981933594
0.29730796813964844
0.29566287994384766
0.2939462661743164
0.2922534942626953
0.2905845642089844
0.2888917922973633
0.28717517852783203
0.28548240661621094
0.28378963470458984
0.28209686279296875
0.28045177459716797
0.27878284454345703
0.27713775634765625
0.27544498443603516
0.2737760543823242
0.27213096618652344
0.27053356170654297
0.26886463165283203
0.26726722717285156
0.26564598083496094
0.26404857635498047
0.262451171875
0.2608776092529297
0.2592802047729492
0.25773048400878906
0.25620460510253906
0.2545595169067383
0.25305747985839844
0.25153160095214844
0.25000572204589844
0.2485036849975586
0.2469778060913086
0.2454996109008789
0.24399757385253906
0.24251937866210938
0.2410888671875
0.23956298828125
0.23813247680664062
0.23670196533203125
0.23524761199951172
0.23381710052490234
0.23245811462402344
0.23105144500732422
0.22962093353271484
0.22821426391601562
0.22683143615722656
0.22542476654052734
0.22406578063964844
0.22270679473876953
0.2214193344116211
0.21998882293701172
0.21870136260986328
0.21741390228271484
0.21603107452392578
0.21474361419677734
0.2134084701538086
0.21216869354248047
0.21083354949951172
0.20956993103027344
0.20830631256103516
0.20704269409179688
0.2057790756225586
0.2045154571533203
0.2033233642578125
0.20208358764648438
0.20084381103515625
0.19960403442382812
0.19843578338623047
0.1972198486328125
0.19598007202148438
0.19483566284179688
0.1936197280883789
0.1924753189086914
0.1913309097290039
0.1901388168334961
0.1890420913696289
0.1878976821899414
0.1867055892944336
0.18553733825683594
0.18448829650878906
0.18334388732910156
0.18224716186523438
0.18110275268554688
0.1800060272216797
0.1789569854736328
0.17788410186767578
0.17676353454589844
0.17566680908203125
0.17468929290771484
0.1735687255859375
0.17254352569580078
0.1714468002319336
0.17044544219970703
0.16944408416748047
0.16841888427734375
0.16736984252929688
0.16632080078125
0.16536712646484375
0.1643657684326172
0.16338825225830078
0.16236305236816406
0.1613616943359375
0.16040802001953125
0.159454345703125
0.15850067138671875
0.1574993133544922
0.1565694808959961
0.15561580657958984
0.15468597412109375
0.15375614166259766
0.15277862548828125
0.1518726348876953
0.15096664428710938
0.15006065368652344
0.14913082122802734
0.14820098876953125
0.1472949981689453
0.1464366912841797
0.1455545425415039
0.14472007751464844
0.14379024505615234
0.14295578002929688
0.14204978942871094
0.14123916625976562
0.14035701751708984
0.13954639434814453
0.13861656188964844
0.13782978057861328
0.1369953155517578
0.13616085052490234
0.13535022735595703
0.1344919204711914
0.1336812973022461
0.13287067413330078
0.13213157653808594
0.1312732696533203
0.13053417205810547
0.12969970703125
0.1288890838623047
0.128173828125
0.12738704681396484
0.12664794921875
0.125885009765625
0.12509822845458984
0.12433528900146484
0.12352466583251953
0.122833251953125
0.1220703125
0.12133121490478516
0.12063980102539062
0.11985301971435547
0.11913776397705078
0.1184225082397461
0.11775493621826172
0.11703968048095703
0.11630058288574219
0.11556148529052734
0.11487007141113281
0.11420249938964844
0.1135110855102539
0.11281967163085938
0.112152099609375
0.11153221130371094
0.11074542999267578
0.11010169982910156
0.10943412780761719
0.10879039764404297
0.10819435119628906
0.10747909545898438
0.10683536529541016
0.10616779327392578
0.10554790496826172
0.10488033294677734
0.10428428649902344
0.10364055633544922
0.10304450988769531
0.1024484634399414
0.10178089141845703
0.10116100311279297
0.10056495666503906
0.099945068359375
0.09932518005371094
0.09877681732177734
0.09818077087402344
0.09756088256835938
0.09696483612060547
0.09636878967285156
0.09577274322509766
0.0952005386352539
0.09467601776123047
0.0940561294555664
0.09353160858154297
0.09298324584960938
0.09236335754394531
0.09179115295410156
0.09126663208007812
0.09074211120605469
0.09014606475830078
0.0896453857421875
0.08912086486816406
0.08857250213623047
0.08800029754638672
0.08747577667236328
0.08690357208251953
0.0864267349243164
0.08590221405029297
0.08540153503417969
0.08482933044433594
0.08435249328613281
0.08385181427001953
0.08335113525390625
0.08282661437988281
0.08232593536376953
0.0818490982055664
0.08130073547363281
0.08087158203125
0.08039474487304688
0.07991790771484375
0.07941722869873047
0.07891654968261719
0.0784158706665039
0.0779867172241211
0.0774383544921875
0.07703304290771484
0.07660388946533203
0.07610321044921875
0.07565021514892578
0.07519721984863281
0.07476806640625
0.07431507110595703
0.0737905502319336
0.07336139678955078
0.07295608520507812
0.07252693176269531
0.07205009460449219
0.07162094116210938
0.07123947143554688
0.0707864761352539
0.07038116455078125
0.06992816925048828
0.06947517395019531
0.06906986236572266
0.06866455078125
0.06821155548095703
0.06783008575439453
0.06742477416992188
0.06704330444335938
0.06661415100097656
0.06618499755859375
0.0658273696899414
0.06546974182128906
0.06504058837890625
0.06458759307861328
0.0642538070678711
0.0638723373413086
0.06344318389892578
0.06308555603027344
0.06270408630371094
0.062346458435058594
0.06198883056640625
0.06160736083984375
0.06122589111328125
0.060820579528808594
0.060439109802246094
0.060105323791503906
0.059723854064941406
0.05939006805419922
0.05898475646972656
0.058650970458984375
0.05831718444824219
0.0579833984375
0.05764961242675781
0.057244300842285156
0.05691051483154297
0.056624412536621094
0.05626678466796875
0.05588531494140625
0.05550384521484375
0.055217742919921875
0.05486011505126953
0.054574012756347656
0.05421638488769531
0.05393028259277344
0.053572654724121094
0.053238868713378906
0.05295276641845703
0.052642822265625
0.05233287811279297
0.05199909210205078
0.051665306091308594
0.051331520080566406
0.051021575927734375
0.0507354736328125
0.050449371337890625
0.05009174346923828
0.049805641174316406
0.049495697021484375
0.049233436584472656
0.04894733428955078
0.048661231994628906
0.04839897155761719
0.04801750183105469
0.047779083251953125
0.047469139099121094
0.047206878662109375
0.04687309265136719
0.046634674072265625
0.04627704620361328
0.04601478576660156
0.0457763671875
0.04546642303466797
0.045228004455566406
0.044989585876464844
0.044727325439453125
0.04439353942871094
0.04410743713378906
0.043892860412597656
0.04363059997558594
0.04341602325439453
0.04315376281738281
0.042891502380371094
0.04258155822753906
0.04229545593261719
0.042057037353515625
0.041794776916503906
0.0415802001953125
0.04131793975830078
0.04107952117919922
0.040793418884277344
0.040531158447265625
0.040268898010253906
0.04010200500488281
0.03986358642578125
0.03962516784667969
0.03936290740966797
0.03917217254638672
0.038886070251464844
0.038623809814453125
0.03845691680908203
0.03821849822998047
0.03790855407714844
0.03771781921386719
0.037479400634765625
0.037288665771484375
0.0370025634765625
0.03681182861328125
0.03657341003417969
0.03638267517089844
0.036144256591796875
0.035953521728515625
0.035762786865234375
0.03552436828613281
0.03528594970703125
0.03509521484375
0.03485679626464844
0.03466606140136719
0.03452301025390625
0.034236907958984375
0.034046173095703125
0.03390312194824219
0.033664703369140625
0.03342628479003906
0.03314018249511719
0.03299713134765625
0.032806396484375
0.03261566162109375
0.0324249267578125
0.03223419189453125
0.03204345703125
0.03185272216796875
0.0316619873046875
0.03142356872558594
0.031232833862304688
0.03108978271484375
0.0308990478515625
0.030755996704101562
0.030517578125
0.030374526977539062
0.030183792114257812
0.030040740966796875
0.029802322387695312
0.029611587524414062
0.029468536376953125
0.029277801513671875
0.029087066650390625
0.028896331787109375
0.028705596923828125
0.028514862060546875
0.02841949462890625
0.028228759765625
0.02803802490234375
0.027799606323242188
0.027704238891601562
0.027513504028320312
0.027370452880859375
0.027227401733398438
0.027036666870117188
0.02689361572265625
0.026750564575195312
0.026607513427734375
0.026416778564453125
0.026273727416992188
0.026082992553710938
0.02593994140625
0.02574920654296875
0.025606155395507812
0.025510787963867188
0.025320053100585938
0.025177001953125
0.025033950805664062
0.024890899658203125
0.024747848510742188
0.02460479736328125
0.024366378784179688
0.02422332763671875
0.024080276489257812
0.023984909057617188
0.023746490478515625
0.023651123046875
0.023555755615234375
0.023412704467773438
0.023221969604492188
0.023126602172851562
0.022983551025390625
0.022840499877929688
0.022745132446289062
0.022602081298828125
0.022459030151367188
0.022268295288085938
0.022125244140625
0.021982192993164062
0.021886825561523438
0.0217437744140625
0.021648406982421875
0.021505355834960938
0.021409988403320312
0.021266937255859375
0.02117156982421875
0.021028518676757812
0.020885467529296875
0.02079010009765625
0.020647048950195312
0.020456314086914062
0.020360946655273438
0.020265579223632812
0.020074844360351562
0.019931793212890625
0.019884109497070312
0.019741058349609375
0.01964569091796875
0.019502639770507812
0.019359588623046875
0.01926422119140625
0.019168853759765625
0.019073486328125
0.018978118896484375
0.018835067749023438
0.018644332885742188
0.018596649169921875
0.018453598022460938
0.018358230590820312
0.018262863159179688
0.01811981201171875
0.018072128295898438
0.017881393432617188
0.017881393432617188
0.01773834228515625
0.017595291137695312
0.017547607421875
0.017404556274414062
0.017309188842773438
0.017261505126953125
0.017118453979492188
0.017023086547851562
0.016927719116210938
0.01678466796875
0.016689300537109375
0.016546249389648438
0.016498565673828125
0.016355514526367188
0.016307830810546875
0.01621246337890625
0.016117095947265625
0.016021728515625
0.015926361083984375
0.01583099365234375
0.015735626220703125
0.015592575073242188
0.015544891357421875
0.015401840209960938
0.015306472778320312
0.015211105346679688
0.015211105346679688
0.015020370483398438
0.014925003051757812
0.014829635620117188
0.014734268188476562
0.01468658447265625
0.014591217041015625
0.014495849609375
0.014448165893554688
0.01430511474609375
0.014257431030273438
0.014162063598632812
0.014066696166992188
0.013971328735351562
0.01392364501953125
0.013875961303710938
0.01373291015625
0.01373291015625
0.013589859008789062
0.01354217529296875
0.013446807861328125
0.0133514404296875
0.013303756713867188
0.01316070556640625
0.013113021850585938
0.012969970703125
0.012969970703125
0.012826919555664062
0.01277923583984375
0.012731552124023438
0.012636184692382812
0.0125885009765625
0.012493133544921875
0.01239776611328125
0.012350082397460938
0.012302398681640625
0.01220703125
0.012111663818359375
0.012063980102539062
0.01201629638671875
0.011920928955078125
0.011873245239257812
0.011777877807617188
0.011730194091796875
0.01163482666015625
0.011587142944335938
0.011491775512695312
0.011444091796875
0.011348724365234375
0.01125335693359375
0.011157989501953125
0.011110305786132812
0.011014938354492188
0.010967254638671875
0.01087188720703125
0.010824203491210938
0.010776519775390625
0.010728836059570312
0.010633468627929688
0.010585784912109375
0.010538101196289062
0.01049041748046875
0.010395050048828125
0.010347366333007812
0.010251998901367188
0.010251998901367188
0.010156631469726562
0.01010894775390625
0.010013580322265625
0.010013580322265625
0.009918212890625
0.009870529174804688
0.009822845458984375
0.009775161743164062
0.009679794311523438
0.009679794311523438
0.009584426879882812
0.009489059448242188
0.009393692016601562
0.009393692016601562
0.009298324584960938
0.009250640869140625
0.009202957153320312
0.0091552734375
0.009107589721679688
0.009012222290039062
0.009012222290039062
0.00896453857421875
0.008916854858398438
0.008821487426757812
0.008821487426757812
0.008726119995117188
0.008678436279296875
0.008630752563476562
0.008630752563476562
0.008535385131835938
0.008487701416015625
0.008392333984375
0.008392333984375
0.008392333984375
0.008296966552734375
0.008249282836914062
0.00820159912109375
0.008153915405273438
0.008106231689453125
0.008058547973632812
0.0080108642578125
0.007963180541992188
0.007963180541992188
0.007867813110351562
0.00782012939453125
0.0077724456787109375
0.007724761962890625
0.007724761962890625
0.007534027099609375
0.007534027099609375
0.007534027099609375
0.00743865966796875
0.00743865966796875
0.007343292236328125
0.007343292236328125
0.0072956085205078125
0.0072479248046875
0.0072002410888671875
0.0072002410888671875
0.007152557373046875
0.00705718994140625
0.00705718994140625
0.0070095062255859375
0.006961822509765625
0.0069141387939453125
0.0069141387939453125
0.0068187713623046875
0.0068187713623046875
0.0067234039306640625
0.0066280364990234375
0.0066280364990234375
0.006580352783203125
0.006580352783203125
0.0065326690673828125
0.0064849853515625
0.0064373016357421875
0.006389617919921875
0.006389617919921875
0.0063419342041015625
0.00629425048828125
0.00629425048828125
0.006198883056640625
0.006198883056640625
0.0061511993408203125
0.006103515625
0.006103515625
0.0060558319091796875
0.006008148193359375
0.006008148193359375
0.00591278076171875
0.0059604644775390625
0.005817413330078125
0.0058650970458984375
0.005817413330078125
0.0057220458984375
0.0056743621826171875
0.005626678466796875
0.005626678466796875
0.0055789947509765625
0.00553131103515625
0.00553131103515625
0.0054836273193359375
0.0054836273193359375
0.005435943603515625
0.0053882598876953125
0.0053882598876953125
0.005340576171875
0.0052928924560546875
0.0052928924560546875
0.005245208740234375
0.0051975250244140625
0.0051975250244140625
0.00514984130859375
0.00514984130859375
0.0051021575927734375
0.005054473876953125
0.005054473876953125
0.0050067901611328125
0.0049591064453125
0.0049591064453125
0.0049114227294921875
0.0049114227294921875
0.004863739013671875
0.0048160552978515625
0.0048160552978515625
0.00476837158203125
0.00476837158203125
0.0047206878662109375
0.0047206878662109375
0.004673004150390625
0.0046253204345703125
0.0046253204345703125
-3.258800506591797
-3.336811065673828
-3.4093856811523438
-3.4770965576171875
-3.539752960205078
-3.5978317260742188
-3.6516189575195312
-3.7011146545410156
-3.7471771240234375
-3.7894248962402344
-3.8282394409179688
-3.8637161254882812
-3.896045684814453
-3.9259910583496094
-3.9528846740722656
-3.976917266845703
-3.9991378784179688
-4.018974304199219
-4.0363311767578125
-4.051876068115234
-4.065608978271484
-4.0771484375
-4.087352752685547
-4.095935821533203
-4.102611541748047
-4.108142852783203
-4.112339019775391
-4.115009307861328
-4.116630554199219
-4.1172027587890625
-4.116630554199219
-4.114818572998047
-4.112339019775391
-4.108905792236328
-4.104423522949219
-4.099178314208984
-4.093265533447266
-4.086494445800781
-4.079151153564453
-4.0714263916015625
-4.062747955322266
-4.053401947021484
-4.0439605712890625
-4.033660888671875
-4.023075103759766
-4.012012481689453
-4.0004730224609375
-3.9885520935058594
-3.9760589599609375
-3.963470458984375
-3.9505958557128906
-3.937244415283203
-3.923797607421875
-3.910064697265625
-3.896045684814453
-3.8816452026367188
-3.867340087890625
-3.852558135986328
-3.83758544921875
-3.822803497314453
-3.8074493408203125
-3.7923812866210938
-3.776836395263672
-3.76129150390625
-3.7454605102539062
-3.729724884033203
-3.7139892578125
-3.697967529296875
-3.6820411682128906
-3.6660194396972656
-3.6498069763183594
-3.633594512939453
-3.6171913146972656
-3.6009788513183594
-3.584575653076172
-3.5683631896972656
-3.5520553588867188
-3.5356521606445312
-3.519153594970703
-3.5027503967285156
-3.4864425659179688
-3.470134735107422
-3.4536361694335938
-3.4371376037597656
-3.420734405517578
-3.4043312072753906
-3.3880233764648438
-3.3718109130859375
-3.3553123474121094
-3.3390045166015625
-3.322887420654297
-3.30657958984375
-3.2903671264648438
-3.274250030517578
-3.2581329345703125
-3.242015838623047
-3.2258987426757812
-3.209972381591797
-3.193950653076172
-3.1780242919921875
-3.1620025634765625
-3.1463623046875
-3.1305313110351562
-3.114795684814453
-3.09906005859375
-3.0834197998046875
-3.067779541015625
-3.0523300170898438
-3.0366897583007812
-3.0213356018066406
-3.0058860778808594
-2.9906272888183594
-2.9753684997558594
-2.960205078125
-2.9449462890625
-2.9298782348632812
-2.9148101806640625
-2.8997421264648438
-2.884960174560547
-2.8699874877929688
-2.8551101684570312
-2.8402328491210938
-2.825641632080078
-2.811145782470703
-2.796459197998047
-2.7817726135253906
-2.767467498779297
-2.752971649169922
-2.7387619018554688
-2.7243614196777344
-2.7101516723632812
-2.695941925048828
-2.6819229125976562
-2.667713165283203
-2.653789520263672
-2.6398658752441406
-2.6258468627929688
-2.6121139526367188
-2.598285675048828
-2.5847434997558594
-2.5710105895996094
-2.557373046875
-2.543926239013672
-2.5304794311523438
-2.5170326232910156
-2.503681182861328
-2.4904251098632812
-2.477264404296875
-2.464008331298828
-2.4509429931640625
-2.437877655029297
-2.424907684326172
-2.411937713623047
-2.399158477783203
-2.3862838745117188
-2.373504638671875
-2.3607254028320312
-2.3481369018554688
-2.335643768310547
-2.3229598999023438
-2.3105621337890625
-2.2981643676757812
-2.2857666015625
-2.2733688354492188
-2.2613525390625
-2.249002456665039
-2.2368907928466797
-2.2248268127441406
-2.212858200073242
-2.2008419036865234
-2.189016342163086
-2.177143096923828
-2.1654129028320312
-2.1535396575927734
-2.142047882080078
-2.1303176879882812
-2.118825912475586
-2.10723876953125
-2.0958423614501953
-2.0843982696533203
-2.073049545288086
-2.0617008209228516
-2.0505428314208984
-2.0392894744873047
-2.028226852416992
-2.0171642303466797
-2.0060062408447266
-1.9951820373535156
-1.9842147827148438
-1.9732952117919922
-1.9625663757324219
-1.951742172241211
-1.941061019897461
-1.9304275512695312
-1.9198417663574219
-1.9092559814453125
-1.8987178802490234
-1.8883228302001953
-1.8779277801513672
-1.8676280975341797
-1.8573760986328125
-1.8469810485839844
-1.8368244171142578
-1.8267154693603516
-1.8166542053222656
-1.8065929412841797
-1.796579360961914
-1.786661148071289
-1.7767906188964844
-1.7669677734375
-1.7571449279785156
-1.7475128173828125
-1.7377376556396484
-1.728057861328125
-1.7185211181640625
-1.708984375
-1.6995429992675781
-1.690053939819336
-1.6806602478027344
-1.6713142395019531
-1.6620159149169922
-1.652669906616211
-1.6434669494628906
-1.6342639923095703
-1.625204086303711
-1.6160011291503906
-1.6069889068603516
-1.5980720520019531
-1.589202880859375
-1.5803337097167969
-1.5713691711425781
-1.562643051147461
-1.5539169311523438
-1.5451431274414062
-1.536417007446289
-1.5278339385986328
-1.5193462371826172
-1.510763168334961
-1.5022754669189453
-1.4939308166503906
-1.485443115234375
-1.47705078125
-1.468801498413086
-1.4605045318603516
-1.4523029327392578
-1.444101333618164
-1.435995101928711
-1.4278411865234375
-1.4197349548339844
-1.4118194580078125
-1.4038562774658203
-1.3958930969238281
-1.3879776000976562
-1.3802051544189453
-1.372385025024414
-1.3645648956298828
-1.3567924499511719
-1.3492584228515625
-1.3415336608886719
-1.3339519500732422
-1.3263702392578125
-1.3189315795898438
-1.3113975524902344
-1.3039588928222656
-1.2965679168701172
-1.289224624633789
-1.28173828125
-1.2745380401611328
-1.2672901153564453
-1.2600898742675781
-1.2529373168945312
-1.2457847595214844
-1.2386798858642578
-1.2316226959228516
-1.2247085571289062
-1.2176513671875
-1.2106895446777344
-1.203775405883789
-1.1969566345214844
-1.1901378631591797
-1.1832237243652344
-1.1765003204345703
-1.1698246002197266
-1.1631488800048828
-1.1565208435058594
-1.1499881744384766
-1.1433124542236328
-1.13677978515625
-1.1302947998046875
-1.1238574981689453
-1.1172771453857422
-1.1110305786132812
-1.1046409606933594
-1.0982513427734375
-1.091909408569336
-1.085662841796875
-1.0794639587402344
-1.0732173919677734
-1.0671615600585938
-1.0609626770019531
-1.0549068450927734
-1.048898696899414
-1.042795181274414
-1.0368824005126953
-1.030874252319336
-1.0249614715576172
-1.0190486907958984
-1.01318359375
-1.0073184967041016
-1.0015010833740234
-0.9957313537597656
-0.9900093078613281
-0.9843826293945312
-0.9786128997802734
-0.9729862213134766
-0.9673595428466797
-0.9616374969482422
-0.9562969207763672
-0.9507179260253906
-0.9451866149902344
-0.9397029876708984
-0.9342193603515625
-0.9289264678955078
-0.9235858917236328
-0.9181499481201172
-0.9129047393798828
-0.9075641632080078
-0.9023666381835938
-0.8970737457275391
-0.8919239044189453
-0.8867263793945312
-0.8815765380859375
-0.8765220642089844
-0.8714675903320312
-0.8664131164550781
-0.861358642578125
-0.8563518524169922
-0.8513450622558594
-0.8464336395263672
-0.841522216796875
-0.8366107940673828
-0.8318424224853516
-0.8268833160400391
-0.8221626281738281
-0.8173942565917969
-0.8126258850097656
-0.8079051971435547
-0.8031368255615234
-0.7984638214111328
-0.7938861846923828
-0.7892608642578125
-0.7847309112548828
-0.7800102233886719
-0.7755756378173828
-0.7709980010986328
-0.7666110992431641
-0.7620811462402344
-0.7576465606689453
-0.7531642913818359
-0.7488250732421875
-0.7443904876708984
-0.7401943206787109
-0.7358074188232422
-0.7315158843994141
-0.7272243499755859
-0.7229804992675781
-0.7187366485595703
-0.7146358489990234
-0.7103919982910156
-0.7061958312988281
-0.7021903991699219
-0.6979942321777344
-0.6939411163330078
-0.6898880004882812
-0.6858348846435547
-0.6819248199462891
-0.6778240203857422
-0.6739139556884766
-0.6699562072753906
-0.666046142578125
-0.6620883941650391
-0.6582260131835938
-0.6544113159179688
-0.6505489349365234
-0.6467819213867188
-0.6430149078369141
-0.6392478942871094
-0.6354331970214844
-0.6316661834716797
-0.6280422210693359
-0.6243228912353516
-0.6206989288330078
-0.6170749664306641
-0.6134510040283203
-0.6098747253417969
-0.6062507629394531
-0.6026744842529297
-0.5991458892822266
-0.5956649780273438
-0.5920886993408203
-0.5886077880859375
-0.5852222442626953
-0.5817413330078125
-0.57830810546875
-0.5749225616455078
-0.5714893341064453
-0.5681991577148438
-0.5649089813232422
-0.5615234375
-0.5582332611083984
-0.5549430847167969
-0.5516529083251953
-0.5484580993652344
-0.5451679229736328
-0.5420207977294922
-0.5387783050537109
-0.53558349609375
-0.5324840545654297
-0.5293369293212891
-0.5261898040771484
-0.5231380462646484
-0.5200386047363281
-0.5169868469238281
-0.5139350891113281
-0.5109310150146484
-0.5078792572021484
-0.5048751831054688
-0.5019187927246094
-0.49896240234375
-0.49605369567871094
-0.49309730529785156
-0.4901409149169922
-0.48732757568359375
-0.4843711853027344
-0.48155784606933594
-0.4787445068359375
-0.47588348388671875
-0.4731178283691406
-0.4702568054199219
-0.46749114990234375
-0.4647254943847656
-0.4620075225830078
-0.45928955078125
-0.4565715789794922
-0.45375823974609375
-0.4512310028076172
-0.44846534729003906
-0.4458904266357422
-0.4432201385498047
-0.4405975341796875
-0.4379749298095703
-0.43540000915527344
-0.4328727722167969
-0.4302501678466797
-0.4276752471923828
-0.4252433776855469
-0.42266845703125
-0.42014122009277344
-0.4176616668701172
-0.41522979736328125
-0.412750244140625
-0.41031837463378906
-0.4078865051269531
-0.4054069519042969
-0.40307044982910156
-0.40068626403808594
-0.3983020782470703
-0.3959178924560547
-0.3935813903808594
-0.3912925720214844
-0.3890037536621094
-0.38661956787109375
-0.38433074951171875
-0.38208961486816406
-0.37980079650878906
-0.3775596618652344
-0.3752708435058594
-0.373077392578125
-0.3708839416503906
-0.36873817443847656
-0.3664970397949219
-0.3643512725830078
-0.3621101379394531
-0.3600120544433594
-0.3578662872314453
-0.35576820373535156
-0.3536224365234375
-0.35152435302734375
-0.3494739532470703
-0.34732818603515625
-0.3452777862548828
-0.3432750701904297
-0.34117698669433594
-0.3391742706298828
-0.3371715545654297
-0.33516883850097656
-0.33316612243652344
-0.3312110900878906
-0.3292560577392578
-0.3272533416748047
-0.3253459930419922
-0.32334327697753906
-0.3215312957763672
-0.3195762634277344
-0.3176689147949219
-0.3157615661621094
-0.3139019012451172
-0.3119945526123047
-0.3101825714111328
-0.3082752227783203
-0.30646324157714844
-0.30465126037597656
-0.3028392791748047
-0.3010749816894531
-0.29921531677246094
-0.2974987030029297
-0.2957344055175781
-0.29397010803222656
-0.292205810546875
-0.29048919677734375
-0.2887248992919922
-0.28700828552246094
-0.2852916717529297
-0.28362274169921875
-0.2818584442138672
-0.28023719787597656
-0.2785682678222656
-0.2768993377685547
-0.27527809143066406
-0.2736091613769531
-0.2719879150390625
-0.2704143524169922
-0.26874542236328125
-0.26717185974121094
-0.2655506134033203
-0.26397705078125
-0.262451171875
-0.2608299255371094
-0.2593040466308594
-0.25773048400878906
-0.25615692138671875
-0.2547264099121094
-0.2532005310058594
-0.25162696838378906
-0.2501487731933594
-0.24871826171875
-0.2471446990966797
-0.2457141876220703
-0.24423599243164062
-0.24275779724121094
-0.24137496948242188
-0.23984909057617188
-0.2384662628173828
-0.23703575134277344
-0.23560523986816406
-0.234222412109375
-0.23283958435058594
-0.23145675659179688
-0.2300739288330078
-0.22864341735839844
-0.2273082733154297
-0.22597312927246094
-0.22459030151367188
-0.22330284118652344
-0.22192001342773438
-0.22058486938476562
-0.2192974090576172
-0.21800994873046875
-0.2166271209716797
-0.21538734436035156
-0.21414756774902344
-0.2128124237060547
-0.21152496337890625
-0.21033287048339844
-0.20904541015625
-0.20775794982910156
-0.20651817321777344
-0.20532608032226562
-0.2040863037109375
-0.2028942108154297
-0.20165443420410156
-0.20041465759277344
-0.19922256469726562
-0.19807815551757812
-0.1968860626220703
-0.1956939697265625
-0.1945018768310547
-0.1934051513671875
-0.19216537475585938
-0.19102096557617188
-0.189971923828125
-0.1887798309326172
-0.1876354217529297
-0.1865386962890625
-0.185394287109375
-0.1842975616455078
-0.18320083618164062
-0.18215179443359375
-0.18100738525390625
-0.17991065979003906
-0.1788616180419922
-0.1778125762939453
-0.17676353454589844
-0.17561912536621094
-0.17461776733398438
-0.1735687255859375
-0.17256736755371094
-0.17151832580566406
-0.1704692840576172
-0.16946792602539062
-0.16841888427734375
-0.1674175262451172
-0.16646385192871094
-0.16541481018066406
-0.16450881958007812
-0.16345977783203125
-0.1624584197998047
-0.16155242919921875
-0.1605510711669922
-0.15954971313476562
-0.1586437225341797
-0.15769004821777344
-0.1567840576171875
-0.15573501586914062
-0.154876708984375
-0.15392303466796875
-0.1530170440673828
-0.1521587371826172
-0.15115737915039062
-0.15020370483398438
-0.14939308166503906
-0.14848709106445312
-0.1475811004638672
-0.14667510986328125
-0.14586448669433594
-0.14495849609375
-0.14410018920898438
-0.14324188232421875
-0.14238357543945312
-0.1414775848388672
-0.1407146453857422
-0.13980865478515625
-0.13895034790039062
-0.1381397247314453
-0.1373291015625
-0.136566162109375
-0.13566017150878906
-0.13484954833984375
-0.13408660888671875
-0.13322830200195312
-0.13246536254882812
-0.13170242309570312
-0.1308917999267578
-0.1300811767578125
-0.1293182373046875
-0.1285552978515625
-0.1277923583984375
-0.1270771026611328
-0.1262187957763672
-0.1255035400390625
-0.12469291687011719
-0.12402534484863281
-0.12326240539550781
-0.12249946594238281
-0.12178421020507812
-0.12102127075195312
-0.12030601501464844
-0.11959075927734375
-0.11887550354003906
-0.11820793151855469
-0.11744499206542969
-0.116729736328125
-0.11606216430664062
-0.11539459228515625
-0.11467933654785156
-0.11396408081054688
-0.11324882507324219
-0.11262893676757812
-0.11196136474609375
-0.11124610900878906
-0.110626220703125
-0.10995864868164062
-0.10924339294433594
-0.10862350463867188
-0.10790824890136719
-0.10733604431152344
-0.10671615600585938
-0.106048583984375
-0.10538101196289062
-0.10471343994140625
-0.10409355163574219
-0.10356903076171875
-0.10290145874023438
-0.10223388671875
-0.10170936584472656
-0.10104179382324219
-0.10042190551757812
-0.09984970092773438
-0.09922981262207031
-0.09870529174804688
-0.0980377197265625
-0.09751319885253906
-0.09684562683105469
-0.09627342224121094
-0.0957489013671875
-0.09512901306152344
-0.0946044921875
-0.09403228759765625
-0.0934600830078125
-0.09288787841796875
-0.092315673828125
-0.09179115295410156
-0.09121894836425781
-0.09069442749023438
-0.09012222290039062
-0.08959770202636719
-0.08907318115234375
-0.0885009765625
-0.08797645568847656
-0.08745193481445312
-0.08692741394042969
-0.08640289306640625
-0.08587837219238281
-0.08540153503417969
-0.08487701416015625
-0.0843048095703125
-0.08382797241210938
-0.08330345153808594
-0.08292198181152344
-0.08230209350585938
-0.08187294006347656
-0.08139610290527344
-0.08087158203125
-0.08039474487304688
-0.07991790771484375
-0.07939338684082031
-0.0789642333984375
-0.07843971252441406
-0.07801055908203125
-0.07758140563964844
-0.077056884765625
-0.07662773132324219
-0.07619857788085938
-0.07567405700683594
-0.07524490356445312
-0.07476806640625
-0.07433891296386719
-0.07390975952148438
-0.07343292236328125
-0.07300376892089844
-0.07262229919433594
-0.07214546203613281
-0.07171630859375
-0.07119178771972656
-0.07085800170898438
-0.07038116455078125
-0.07004737854003906
-0.06952285766601562
-0.06914138793945312
-0.06875991821289062
-0.06837844848632812
-0.067901611328125
-0.06756782531738281
-0.06704330444335938
-0.06666183471679688
-0.06632804870605469
-0.06589889526367188
-0.06546974182128906
-0.06508827209472656
-0.06475448608398438
-0.06432533264160156
-0.06394386291503906
-0.06356239318847656
-0.06318092346191406
-0.06275177001953125
-0.06237030029296875
-0.06203651428222656
-0.061702728271484375
-0.061321258544921875
-0.060939788818359375
-0.060558319091796875
-0.06022453308105469
-0.05984306335449219
-0.05950927734375
-0.05917549133300781
-0.058746337890625
-0.0583648681640625
-0.05803108215332031
-0.05774497985839844
-0.05736351013183594
-0.05702972412109375
-0.05664825439453125
-0.056362152099609375
-0.055980682373046875
-0.055694580078125
-0.055408477783203125
-0.055027008056640625
-0.05469322204589844
-0.05431175231933594
-0.05397796630859375
-0.053691864013671875
-0.05335807800292969
-0.0530242919921875
-0.05269050598144531
-0.05240440368652344
-0.05211830139160156
-0.05183219909667969
-0.0514984130859375
-0.05116462707519531
-0.05087852478027344
-0.05054473876953125
-0.05030632019042969
-0.04992485046386719
-0.04963874816894531
-0.049304962158203125
-0.04901885986328125
-0.048732757568359375
-0.04849433898925781
-0.048160552978515625
-0.04792213439941406
-0.047588348388671875
-0.04730224609375
-0.047016143798828125
-0.04677772521972656
-0.04649162292480469
-0.04620552062988281
-0.04591941833496094
-0.04558563232421875
-0.04534721374511719
-0.045013427734375
-0.04482269287109375
-0.044536590576171875
-0.04429817199707031
-0.04401206970214844
-0.04367828369140625
-0.043487548828125
-0.043201446533203125
-0.04296302795410156
-0.042724609375
-0.04248619079589844
-0.04220008850097656
-0.04191398620605469
-0.041675567626953125
-0.04143714904785156
-0.04115104675292969
-0.04096031188964844
-0.04067420959472656
-0.04048347473144531
-0.040149688720703125
-0.03991127014160156
-0.03972053527832031
-0.03948211669921875
-0.03924369812011719
-0.03905296325683594
-0.038814544677734375
-0.03857612609863281
-0.03829002380371094
-0.03809928894042969
-0.03781318664550781
-0.037670135498046875
-0.03743171691894531
-0.03719329833984375
-0.036907196044921875
-0.03676414489746094
-0.03643035888671875
-0.0362396240234375
-0.03604888916015625
-0.03581047058105469
-0.03566741943359375
-0.03542900085449219
-0.03523826599121094
-0.034999847412109375
-0.034809112548828125
-0.03452301025390625
-0.03437995910644531
-0.03418922424316406
-0.0339508056640625
-0.03380775451660156
-0.0335693359375
-0.03337860107421875
-0.0331878662109375
-0.03294944763183594
-0.032711029052734375
-0.032520294189453125
-0.032329559326171875
-0.032138824462890625
-0.031948089599609375
-0.031757354736328125
-0.031566619873046875
-0.03142356872558594
-0.031232833862304688
-0.030946731567382812
-0.030851364135742188
-0.030612945556640625
-0.030469894409179688
-0.030279159545898438
-0.0301361083984375
-0.029897689819335938
-0.029754638671875
-0.029611587524414062
-0.029420852661132812
-0.029230117797851562
-0.02899169921875
-0.028848648071289062
-0.028705596923828125
-0.028514862060546875
-0.028276443481445312
-0.028133392333984375
-0.027990341186523438
-0.027799606323242188
-0.027704238891601562
-0.0274658203125
-0.027322769165039062
-0.027132034301757812
-0.026941299438476562
-0.026845932006835938
-0.026655197143554688
-0.02651214599609375
-0.026369094848632812
-0.026226043701171875
-0.026082992553710938
-0.025892257690429688
-0.02574920654296875
-0.025606155395507812
-0.025415420532226562
-0.025224685668945312
-0.025129318237304688
-0.02498626708984375
-0.0247955322265625
-0.024700164794921875
-0.024557113647460938
-0.024366378784179688
-0.024271011352539062
-0.024127960205078125
-0.023937225341796875
-0.023746490478515625
-0.023603439331054688
-0.02346038818359375
-0.023365020751953125
-0.023126602172851562
-0.02307891845703125
-0.02288818359375
-0.022792816162109375
-0.02269744873046875
-0.022554397583007812
-0.022411346435546875
-0.022268295288085938
-0.022125244140625
-0.021982192993164062
-0.021839141845703125
-0.021696090698242188
-0.021600723266601562
-0.021457672119140625
-0.021314620971679688
-0.021219253540039062
-0.021076202392578125
-0.0209808349609375
-0.020837783813476562
-0.020742416381835938
-0.020599365234375
-0.020456314086914062
-0.020360946655273438
-0.0202178955078125
-0.020170211791992188
-0.019979476928710938
-0.019884109497070312
-0.019741058349609375
-0.019550323486328125
-0.0194549560546875
-0.019311904907226562
-0.01926422119140625
-0.019121170043945312
-0.019025802612304688
-0.01888275146484375
-0.018787384033203125
-0.0186920166015625
-0.018596649169921875
-0.018453598022460938
-0.018358230590820312
-0.018310546875
-0.018072128295898438
-0.017976760864257812
-0.0179290771484375
-0.017786026000976562
-0.017690658569335938
-0.017595291137695312
-0.017499923706054688
-0.01735687255859375
-0.017309188842773438
-0.0171661376953125
-0.017070770263671875
-0.017023086547851562
-0.016880035400390625
-0.01678466796875
-0.016736984252929688
-0.016546249389648438
-0.016498565673828125
-0.016355514526367188
-0.016260147094726562
-0.016164779663085938
-0.016069412231445312
-0.015974044799804688
-0.015878677368164062
-0.015783309936523438
-0.015735626220703125
-0.015592575073242188
-0.015544891357421875
-0.015401840209960938
-0.015306472778320312
-0.015211105346679688
-0.015115737915039062
-0.015020370483398438
-0.014925003051757812
-0.014829635620117188
-0.014781951904296875
-0.01468658447265625
-0.014591217041015625
-0.014495849609375
-0.014352798461914062
-0.01430511474609375
-0.014162063598632812
-0.014162063598632812
-0.014019012451171875
-0.013971328735351562
-0.013875961303710938
-0.013828277587890625
-0.01373291015625
-0.013637542724609375
-0.013589859008789062
-0.013446807861328125
-0.013446807861328125
-0.0133514404296875
-0.013256072998046875
-0.013208389282226562
-0.013065338134765625
-0.013017654418945312
-0.012969970703125
-0.012874603271484375
-0.012826919555664062
-0.012731552124023438
-0.0125885009765625
-0.0125885009765625
-0.012445449829101562
-0.012350082397460938
-0.012302398681640625
-0.012254714965820312
-0.012159347534179688
-0.012111663818359375
-0.012063980102539062
-0.011968612670898438
-0.011873245239257812
-0.0118255615234375
-0.011730194091796875
-0.011682510375976562
-0.01163482666015625
-0.011587142944335938
-0.011491775512695312
-0.011396408081054688
-0.011348724365234375
